        node           T1           T3          T10     q_HL_int
    1.000000   270.000000   276.365000    30.000000   317.669000
    2.000000   270.227000   276.587000    30.000000   318.023000
    3.000000   270.455000   276.809000    30.000000   318.377000
    4.000000   270.682000   277.030000    30.000000   318.987000
    5.000000   270.909000   277.252000    30.000000   319.341000
    6.000000   271.136000   277.474000    30.000000   319.696000
    7.000000   271.364000   277.696000    30.000000   320.051000
    8.000000   271.591000   277.918000    30.000000   320.406000
    9.000000   271.818000   278.139000    30.000000   321.017000
   10.000000   272.045000   278.361000    30.000000   321.373000
   11.000000   272.272000   278.582000    30.000000   321.728000
   12.000000   272.499000   278.804000    30.000000   322.084000
   13.000000   272.726000   279.026000    30.000000   322.440000
   14.000000   272.953000   279.248000    30.000000   322.797000
   15.000000   273.179000   279.469000    30.000000   323.409000
   16.000000   273.406000   279.690000    30.000000   323.767000
   17.000000   273.633000   279.912000    30.000000   324.124000
   18.000000   273.860000   280.133000    30.000000   324.481000
   19.000000   274.086000   280.355000    30.000000   324.838000
   20.000000   274.313000   280.576000    30.000000   325.451000
   21.000000   274.540000   280.797000    30.000000   325.809000
   22.000000   274.766000   281.018000    30.000000   326.167000
   23.000000   274.993000   281.240000    30.000000   326.525000
   24.000000   275.219000   281.461000    30.000000   326.884000
   25.000000   275.446000   281.682000    30.000000   327.242000
   26.000000   275.672000   281.903000    30.000000   327.857000
   27.000000   275.898000   282.124000    30.000000   328.216000
   28.000000   276.125000   282.345000    30.000000   328.575000
   29.000000   276.351000   282.566000    30.000000   328.935000
   30.000000   276.577000   282.788000    30.000000   329.294000
   31.000000   276.804000   283.008000    30.000000   329.910000
   32.000000   277.030000   283.229000    30.000000   330.270000
   33.000000   277.256000   283.450000    30.000000   330.631000
   34.000000   277.482000   283.671000    30.000000   330.991000
   35.000000   277.708000   283.892000    30.000000   331.352000
   36.000000   277.934000   284.113000    30.000000   331.712000
   37.000000   278.160000   284.333000    30.000000   332.330000
   38.000000   278.386000   284.554000    30.000000   332.691000
   39.000000   278.612000   284.775000    30.000000   333.053000
   40.000000   278.838000   284.996000    30.000000   333.414000
   41.000000   279.063000   285.216000    30.000000   333.776000
   42.000000   279.289000   285.436000    30.000000   334.394000
   43.000000   279.515000   285.657000    30.000000   334.758000
   44.000000   279.741000   285.878000    30.000000   335.120000
   45.000000   279.966000   286.098000    30.000000   335.483000
   46.000000   280.192000   286.319000    30.000000   335.846000
   47.000000   280.417000   286.539000    30.000000   336.209000
   48.000000   280.643000   286.759000    30.000000   336.829000
   49.000000   280.868000   286.980000    30.000000   337.192000
   50.000000   281.094000   287.200000    30.000000   337.556000
   51.000000   281.319000   287.421000    30.000000   337.920000
   52.000000   281.545000   287.641000    30.000000   338.284000
   53.000000   281.770000   287.861000    30.000000   338.649000
   54.000000   281.995000   288.081000    30.000000   339.270000
   55.000000   282.220000   288.301000    30.000000   339.635000
   56.000000   282.446000   288.522000    30.000000   340.000000
   57.000000   282.671000   288.742000    30.000000   340.365000
   58.000000   282.896000   288.962000    30.000000   340.731000
   59.000000   283.121000   289.181000    30.000000   341.353000
   60.000000   283.346000   289.402000    30.000000   341.719000
   61.000000   283.571000   289.622000    30.000000   342.085000
   62.000000   283.796000   289.842000    30.000000   342.451000
   63.000000   284.021000   290.062000    30.000000   342.818000
   64.000000   284.246000   290.282000    30.000000   343.184000
   65.000000   284.471000   290.501000    30.000000   343.808000
   66.000000   284.696000   290.721000    30.000000   344.175000
   67.000000   284.920000   290.941000    30.000000   344.543000
   68.000000   285.145000   291.160000    30.000000   344.910000
   69.000000   285.370000   291.380000    30.000000   345.278000
   70.000000   285.594000   291.599000    30.000000   345.904000
   71.000000   285.819000   291.819000    30.000000   346.272000
   72.000000   286.043000   292.039000    30.000000   346.641000
   73.000000   286.268000   292.258000    30.000000   347.009000
   74.000000   286.492000   292.478000    30.000000   347.378000
   75.000000   286.717000   292.698000    30.000000   347.747000
   76.000000   286.941000   292.917000    30.000000   348.374000
   77.000000   287.166000   293.136000    30.000000   348.743000
   78.000000   287.390000   293.356000    30.000000   349.113000
   79.000000   287.614000   293.575000    30.000000   349.483000
   80.000000   287.838000   293.794000    30.000000   349.853000
   81.000000   288.063000   294.014000    30.000000   350.223000
   82.000000   288.287000   294.233000    30.000000   350.851000
   83.000000   288.511000   294.452000    30.000000   351.222000
   84.000000   288.735000   294.671000    30.000000   351.593000
   85.000000   288.959000   294.890000    30.000000   351.964000
   86.000000   289.183000   295.110000    30.000000   352.336000
   87.000000   289.407000   295.328000    30.000000   352.965000
   88.000000   289.631000   295.547000    30.000000   353.336000
   89.000000   289.855000   295.766000    30.000000   353.709000
   90.000000   290.079000   295.985000    30.000000   354.081000
   91.000000   290.302000   296.204000    30.000000   354.453000
   92.000000   290.526000   296.423000    30.000000   354.826000
   93.000000   290.750000   296.642000    30.000000   355.457000
   94.000000   290.973000   296.861000    30.000000   355.830000
   95.000000   291.197000   297.080000    30.000000   356.203000
   96.000000   291.421000   297.298000    30.000000   356.577000
   97.000000   291.644000   297.517000    30.000000   356.951000
   98.000000   291.868000   297.735000    30.000000   357.583000
   99.000000   292.091000   297.954000    30.000000   357.957000
  100.000000   292.315000   298.173000    30.000000   358.332000
  101.000000   292.538000   298.392000    30.000000   358.707000
  102.000000   292.761000   298.610000    30.000000   359.081000
  103.000000   292.985000   298.829000    30.000000   359.457000
  104.000000   293.208000   299.047000    30.000000   360.090000
  105.000000   293.431000   299.265000    30.000000   360.465000
  106.000000   293.654000   299.484000    30.000000   360.841000
  107.000000   293.877000   299.702000    30.000000   361.217000
  108.000000   294.100000   299.921000    30.000000   361.593000
  109.000000   294.324000   300.139000    30.000000   361.970000
  110.000000   294.547000   300.357000    30.000000   362.604000
  111.000000   294.769000   300.575000    30.000000   362.981000
  112.000000   294.992000   300.794000    30.000000   363.358000
  113.000000   295.215000   301.012000    30.000000   363.736000
  114.000000   295.438000   301.230000    30.000000   364.113000
  115.000000   295.661000   301.448000    30.000000   364.749000
  116.000000   295.884000   301.666000    30.000000   365.127000
  117.000000   296.106000   301.884000    30.000000   365.505000
  118.000000   296.329000   302.102000    30.000000   365.884000
  119.000000   296.552000   302.320000    30.000000   366.262000
  120.000000   296.774000   302.538000    30.000000   366.641000
  121.000000   296.997000   302.755000    30.000000   367.278000
  122.000000   297.219000   302.973000    30.000000   367.659000
  123.000000   297.442000   303.191000    30.000000   368.038000
  124.000000   297.664000   303.409000    30.000000   368.418000
  125.000000   297.887000   303.627000    30.000000   368.798000
  126.000000   298.109000   303.845000    30.000000   369.178000
  127.000000   298.331000   304.062000    30.000000   369.817000
  128.000000   298.554000   304.280000    30.000000   370.198000
  129.000000   298.776000   304.497000    30.000000   370.579000
  130.000000   298.998000   304.715000    30.000000   370.960000
  131.000000   299.220000   304.933000    30.000000   371.341000
  132.000000   299.442000   305.150000    30.000000   371.981000
  133.000000   299.664000   305.367000    30.000000   372.363000
  134.000000   299.886000   305.585000    30.000000   372.745000
  135.000000   300.108000   305.802000    30.000000   373.127000
  136.000000   300.330000   306.020000    30.000000   373.509000
  137.000000   300.552000   306.237000    30.000000   373.892000
  138.000000   300.774000   306.454000    30.000000   374.533000
  139.000000   300.996000   306.671000    30.000000   374.917000
  140.000000   301.218000   306.888000    30.000000   375.300000
  141.000000   301.439000   307.106000    30.000000   375.684000
  142.000000   301.661000   307.323000    30.000000   376.067000
  143.000000   301.883000   307.540000    30.000000   376.451000
  144.000000   302.104000   307.757000    30.000000   377.094000
  145.000000   302.326000   307.974000    30.000000   377.479000
  146.000000   302.547000   308.191000    30.000000   377.864000
  147.000000   302.769000   308.408000    30.000000   378.249000
  148.000000   302.990000   308.625000    30.000000   378.634000
  149.000000   303.212000   308.842000    30.000000   379.020000
  150.000000   303.433000   309.058000    30.000000   379.664000
  151.000000   303.654000   309.275000    30.000000   380.050000
  152.000000   303.876000   309.492000    30.000000   380.436000
  153.000000   304.097000   309.709000    30.000000   380.823000
  154.000000   304.318000   309.926000    30.000000   381.209000
  155.000000   304.539000   310.142000    30.000000   381.855000
  156.000000   304.760000   310.359000    30.000000   382.242000
  157.000000   304.981000   310.575000    30.000000   382.629000
  158.000000   305.202000   310.792000    30.000000   383.017000
  159.000000   305.423000   311.009000    30.000000   383.404000
  160.000000   305.644000   311.225000    30.000000   383.792000
  161.000000   305.865000   311.441000    30.000000   384.439000
  162.000000   306.086000   311.658000    30.000000   384.828000
  163.000000   306.307000   311.874000    30.000000   385.216000
  164.000000   306.528000   312.091000    30.000000   385.605000
  165.000000   306.748000   312.307000    30.000000   385.994000
  166.000000   306.969000   312.523000    30.000000   386.383000
  167.000000   307.190000   312.739000    30.000000   387.032000
  168.000000   307.410000   312.955000    30.000000   387.422000
  169.000000   307.631000   313.172000    30.000000   387.812000
  170.000000   307.851000   313.388000    30.000000   388.202000
  171.000000   308.072000   313.604000    30.000000   388.593000
  172.000000   308.292000   313.820000    30.000000   388.983000
  173.000000   308.513000   314.036000    30.000000   389.633000
  174.000000   308.733000   314.252000    30.000000   390.026000
  175.000000   308.953000   314.468000    30.000000   390.417000
  176.000000   309.174000   314.684000    30.000000   390.809000
  177.000000   309.394000   314.900000    30.000000   391.200000
  178.000000   309.614000   315.115000    30.000000   391.852000
  179.000000   309.834000   315.331000    30.000000   392.244000
  180.000000   310.054000   315.547000    30.000000   392.637000
  181.000000   310.274000   315.763000    30.000000   393.029000
  182.000000   310.494000   315.979000    30.000000   393.422000
  183.000000   310.714000   316.194000    30.000000   393.816000
  184.000000   310.934000   316.409000    30.000000   394.469000
  185.000000   311.154000   316.625000    30.000000   394.862000
  186.000000   311.374000   316.841000    30.000000   395.256000
  187.000000   311.594000   317.056000    30.000000   395.650000
  188.000000   311.813000   317.272000    30.000000   396.045000
  189.000000   312.033000   317.487000    30.000000   396.439000
  190.000000   312.253000   317.702000    30.000000   397.094000
  191.000000   312.472000   317.918000    30.000000   397.489000
  192.000000   312.692000   318.133000    30.000000   397.884000
  193.000000   312.912000   318.349000    30.000000   398.280000
  194.000000   313.131000   318.564000    30.000000   398.676000
  195.000000   313.351000   318.779000    30.000000   399.072000
  196.000000   313.570000   318.994000    30.000000   399.728000
  197.000000   313.789000   319.209000    30.000000   400.124000
  198.000000   314.009000   319.424000    30.000000   400.521000
  199.000000   314.228000   319.640000    30.000000   400.919000
  200.000000   314.447000   319.855000    30.000000   401.317000
  201.000000   314.666000   320.069000    30.000000   401.974000
  202.000000   314.886000   320.284000    30.000000   402.371000
  203.000000   315.105000   320.499000    30.000000   402.769000
  204.000000   315.324000   320.714000    30.000000   403.168000
  205.000000   315.543000   320.929000    30.000000   403.566000
  206.000000   315.762000   321.144000    30.000000   403.965000
  207.000000   315.981000   321.358000    30.000000   404.623000
  208.000000   316.200000   321.573000    30.000000   405.023000
  209.000000   316.419000   321.788000    30.000000   405.422000
  210.000000   316.637000   322.003000    30.000000   405.822000
  211.000000   316.856000   322.218000    30.000000   406.222000
  212.000000   317.075000   322.432000    30.000000   406.622000
  213.000000   317.294000   322.646000    30.000000   407.282000
  214.000000   317.512000   322.861000    30.000000   407.683000
  215.000000   317.731000   323.075000    30.000000   408.083000
  216.000000   317.950000   323.290000    30.000000   408.484000
  217.000000   318.168000   323.504000    30.000000   408.886000
  218.000000   318.387000   323.719000    30.000000   409.287000
  219.000000   318.605000   323.933000    30.000000   409.949000
  220.000000   318.823000   324.147000    30.000000   410.351000
  221.000000   319.042000   324.362000    30.000000   410.753000
  222.000000   319.260000   324.576000    30.000000   411.156000
  223.000000   319.478000   324.790000    30.000000   411.559000
  224.000000   319.697000   325.004000    30.000000   411.963000
  225.000000   319.915000   325.218000    30.000000   412.626000
  226.000000   320.133000   325.432000    30.000000   413.030000
  227.000000   320.351000   325.646000    30.000000   413.433000
  228.000000   320.569000   325.860000    30.000000   413.837000
  229.000000   320.787000   326.074000    30.000000   414.242000
  230.000000   321.005000   326.288000    30.000000   414.646000
  231.000000   321.223000   326.502000    30.000000   415.311000
  232.000000   321.441000   326.716000    30.000000   415.716000
  233.000000   321.659000   326.930000    30.000000   416.121000
  234.000000   321.876000   327.144000    30.000000   416.526000
  235.000000   322.094000   327.357000    30.000000   416.932000
  236.000000   322.312000   327.571000    30.000000   417.338000
  237.000000   322.530000   327.784000    30.000000   418.005000
  238.000000   322.747000   327.998000    30.000000   418.411000
  239.000000   322.965000   328.212000    30.000000   418.818000
  240.000000   323.182000   328.425000    30.000000   419.224000
  241.000000   323.400000   328.639000    30.000000   419.632000
  242.000000   323.617000   328.853000    30.000000   420.039000
  243.000000   323.835000   329.066000    30.000000   420.707000
  244.000000   324.052000   329.279000    30.000000   421.115000
  245.000000   324.269000   329.492000    30.000000   421.523000
  246.000000   324.487000   329.706000    30.000000   421.931000
  247.000000   324.704000   329.919000    30.000000   422.340000
  248.000000   324.921000   330.132000    30.000000   423.009000
  249.000000   325.138000   330.345000    30.000000   423.419000
  250.000000   325.355000   330.559000    30.000000   423.829000
  251.000000   325.573000   330.772000    30.000000   424.238000
  252.000000   325.790000   330.985000    30.000000   424.648000
  253.000000   326.007000   331.198000    30.000000   425.058000
  254.000000   326.223000   331.411000    30.000000   425.729000
  255.000000   326.440000   331.624000    30.000000   426.140000
  256.000000   326.657000   331.837000    30.000000   426.551000
  257.000000   326.874000   332.050000    30.000000   426.962000
  258.000000   327.091000   332.263000    30.000000   427.373000
  259.000000   327.308000   332.476000    30.000000   427.784000
  260.000000   327.524000   332.688000    30.000000   428.457000
  261.000000   327.741000   332.901000    30.000000   428.869000
  262.000000   327.957000   333.114000    30.000000   429.281000
  263.000000   328.174000   333.326000    30.000000   429.694000
  264.000000   328.390000   333.539000    30.000000   430.107000
  265.000000   328.607000   333.752000    30.000000   430.520000
  266.000000   328.823000   333.964000    30.000000   431.194000
  267.000000   329.040000   334.176000    30.000000   431.607000
  268.000000   329.256000   334.389000    30.000000   432.021000
  269.000000   329.472000   334.602000    30.000000   432.435000
  270.000000   329.689000   334.814000    30.000000   432.850000
  271.000000   329.905000   335.026000    30.000000   433.264000
  272.000000   330.121000   335.238000    30.000000   433.940000
  273.000000   330.337000   335.451000    30.000000   434.356000
  274.000000   330.553000   335.663000    30.000000   434.771000
  275.000000   330.769000   335.875000    30.000000   435.187000
  276.000000   330.985000   336.088000    30.000000   435.603000
  277.000000   331.201000   336.300000    30.000000   436.019000
  278.000000   331.417000   336.512000    30.000000   436.696000
  279.000000   331.633000   336.724000    30.000000   437.112000
  280.000000   331.849000   336.936000    30.000000   437.529000
  281.000000   332.064000   337.148000    30.000000   437.946000
  282.000000   332.280000   337.360000    30.000000   438.364000
  283.000000   332.496000   337.572000    30.000000   438.781000
  284.000000   332.711000   337.783000    30.000000   439.460000
  285.000000   332.927000   337.995000    30.000000   439.878000
  286.000000   333.143000   338.207000    30.000000   440.296000
  287.000000   333.358000   338.419000    30.000000   440.715000
  288.000000   333.574000   338.631000    30.000000   441.134000
  289.000000   333.789000   338.843000    30.000000   441.553000
  290.000000   334.004000   339.054000    30.000000   442.233000
  291.000000   334.220000   339.265000    30.000000   442.653000
  292.000000   334.435000   339.477000    30.000000   443.073000
  293.000000   334.650000   339.689000    30.000000   443.493000
  294.000000   334.865000   339.900000    30.000000   443.913000
  295.000000   335.080000   340.112000    30.000000   444.334000
  296.000000   335.296000   340.323000    30.000000   445.016000
  297.000000   335.511000   340.534000    30.000000   445.438000
  298.000000   335.726000   340.746000    30.000000   445.859000
  299.000000   335.941000   340.957000    30.000000   446.281000
  300.000000   336.156000   341.168000    30.000000   446.703000
  301.000000   336.370000   341.380000    30.000000   447.125000
  302.000000   336.585000   341.590000    30.000000   447.809000
  303.000000   336.800000   341.802000    30.000000   448.231000
  304.000000   337.015000   342.013000    30.000000   448.654000
  305.000000   337.230000   342.224000    30.000000   449.077000
  306.000000   337.444000   342.435000    30.000000   449.501000
  307.000000   337.659000   342.646000    30.000000   449.924000
  308.000000   337.873000   342.857000    30.000000   450.610000
  309.000000   338.088000   343.068000    30.000000   451.034000
  310.000000   338.302000   343.278000    30.000000   451.458000
  311.000000   338.517000   343.489000    30.000000   451.883000
  312.000000   338.731000   343.700000    30.000000   452.308000
  313.000000   338.946000   343.911000    30.000000   452.733000
  314.000000   339.160000   344.121000    30.000000   453.420000
  315.000000   339.374000   344.332000    30.000000   453.846000
  316.000000   339.588000   344.543000    30.000000   454.272000
  317.000000   339.803000   344.753000    30.000000   454.698000
  318.000000   340.017000   344.964000    30.000000   455.124000
  319.000000   340.231000   345.175000    30.000000   455.551000
  320.000000   340.445000   345.385000    30.000000   456.240000
  321.000000   340.659000   345.595000    30.000000   456.668000
  322.000000   340.873000   345.806000    30.000000   457.096000
  323.000000   341.087000   346.016000    30.000000   457.523000
  324.000000   341.301000   346.226000    30.000000   457.951000
  325.000000   341.514000   346.437000    30.000000   458.380000
  326.000000   341.728000   346.647000    30.000000   459.070000
  327.000000   341.942000   346.857000    30.000000   459.499000
  328.000000   342.156000   347.067000    30.000000   459.928000
  329.000000   342.369000   347.277000    30.000000   460.357000
  330.000000   342.583000   347.487000    30.000000   460.787000
  331.000000   342.796000   347.698000    30.000000   461.216000
  332.000000   343.010000   347.907000    30.000000   461.908000
  333.000000   343.223000   348.117000    30.000000   462.339000
  334.000000   343.437000   348.327000    30.000000   462.769000
  335.000000   343.650000   348.537000    30.000000   463.200000
  336.000000   343.864000   348.747000    30.000000   463.631000
  337.000000   344.077000   348.957000    30.000000   464.063000
  338.000000   344.290000   349.167000    30.000000   464.494000
  339.000000   344.503000   349.376000    30.000000   465.188000
  340.000000   344.716000   349.586000    30.000000   465.620000
  341.000000   344.930000   349.796000    30.000000   466.053000
  342.000000   345.143000   350.005000    30.000000   466.486000
  343.000000   345.356000   350.215000    30.000000   466.918000
  344.000000   345.569000   350.424000    30.000000   467.352000
  345.000000   345.782000   350.634000    30.000000   468.048000
  346.000000   345.994000   350.843000    30.000000   468.482000
  347.000000   346.207000   351.053000    30.000000   468.916000
  348.000000   346.420000   351.262000    30.000000   469.350000
  349.000000   346.633000   351.471000    30.000000   469.785000
  350.000000   346.846000   351.681000    30.000000   470.220000
  351.000000   347.058000   351.890000    30.000000   470.917000
  352.000000   347.271000   352.099000    30.000000   471.352000
  353.000000   347.483000   352.308000    30.000000   471.788000
  354.000000   347.696000   352.517000    30.000000   472.224000
  355.000000   347.908000   352.726000    30.000000   472.660000
  356.000000   348.121000   352.936000    30.000000   473.096000
  357.000000   348.333000   353.144000    30.000000   473.795000
  358.000000   348.546000   353.353000    30.000000   474.232000
  359.000000   348.758000   353.562000    30.000000   474.669000
  360.000000   348.970000   353.771000    30.000000   475.107000
  361.000000   349.182000   353.980000    30.000000   475.544000
  362.000000   349.395000   354.189000    30.000000   475.982000
  363.000000   349.607000   354.397000    30.000000   476.683000
  364.000000   349.819000   354.606000    30.000000   477.121000
  365.000000   350.031000   354.815000    30.000000   477.560000
  366.000000   350.243000   355.024000    30.000000   477.999000
  367.000000   350.455000   355.232000    30.000000   478.438000
  368.000000   350.667000   355.441000    30.000000   478.879000
  369.000000   350.878000   355.649000    30.000000   479.581000
  370.000000   351.090000   355.857000    30.000000   480.021000
  371.000000   351.302000   356.066000    30.000000   480.462000
  372.000000   351.514000   356.274000    30.000000   480.902000
  373.000000   351.725000   356.483000    30.000000   481.343000
  374.000000   351.937000   356.691000    30.000000   481.784000
  375.000000   352.149000   356.899000    30.000000   482.488000
  376.000000   352.360000   357.107000    30.000000   482.930000
  377.000000   352.572000   357.316000    30.000000   483.372000
  378.000000   352.783000   357.524000    30.000000   483.814000
  379.000000   352.994000   357.732000    30.000000   484.257000
  380.000000   353.206000   357.940000    30.000000   484.699000
  381.000000   353.417000   358.148000    30.000000   485.142000
  382.000000   353.628000   358.356000    30.000000   485.848000
  383.000000   353.840000   358.564000    30.000000   486.292000
  384.000000   354.051000   358.772000    30.000000   486.736000
  385.000000   354.262000   358.980000    30.000000   487.180000
  386.000000   354.473000   359.188000    30.000000   487.624000
  387.000000   354.684000   359.396000    30.000000   488.069000
  388.000000   354.895000   359.603000    30.000000   488.776000
  389.000000   355.106000   359.811000    30.000000   489.222000
  390.000000   355.317000   360.019000    30.000000   489.667000
  391.000000   355.528000   360.226000    30.000000   490.114000
  392.000000   355.739000   360.434000    30.000000   490.560000
  393.000000   355.949000   360.641000    30.000000   491.006000
  394.000000   356.160000   360.849000    30.000000   491.715000
  395.000000   356.371000   361.056000    30.000000   492.162000
  396.000000   356.581000   361.264000    30.000000   492.609000
  397.000000   356.792000   361.471000    30.000000   493.057000
  398.000000   357.002000   361.678000    30.000000   493.504000
  399.000000   357.213000   361.886000    30.000000   493.952000
  400.000000   357.423000   362.093000    30.000000   494.663000
  401.000000   357.634000   362.300000    30.000000   495.111000
  402.000000   357.844000   362.507000    30.000000   495.560000
  403.000000   358.054000   362.714000    30.000000   496.009000
  404.000000   358.265000   362.922000    30.000000   496.458000
  405.000000   358.475000   363.129000    30.000000   496.908000
  406.000000   358.685000   363.336000    30.000000   497.357000
  407.000000   358.895000   363.542000    30.000000   498.070000
  408.000000   359.105000   363.749000    30.000000   498.521000
  409.000000   359.315000   363.956000    30.000000   498.971000
  410.000000   359.525000   364.163000    30.000000   499.422000
  411.000000   359.735000   364.370000    30.000000   499.873000
  412.000000   359.945000   364.577000    30.000000   500.325000
  413.000000   360.155000   364.783000    30.000000   501.039000
  414.000000   360.365000   364.990000    30.000000   501.493000
  415.000000   360.574000   365.197000    30.000000   501.945000
  416.000000   360.784000   365.403000    30.000000   502.397000
  417.000000   360.994000   365.610000    30.000000   502.850000
  418.000000   361.203000   365.816000    30.000000   503.303000
  419.000000   361.413000   366.023000    30.000000   504.020000
  420.000000   361.623000   366.229000    30.000000   504.473000
  421.000000   361.832000   366.435000    30.000000   504.927000
  422.000000   362.041000   366.642000    30.000000   505.381000
  423.000000   362.251000   366.848000    30.000000   505.835000
  424.000000   362.460000   367.055000    30.000000   506.290000
  425.000000   362.669000   367.260000    30.000000   507.008000
  426.000000   362.879000   367.467000    30.000000   507.464000
  427.000000   363.088000   367.673000    30.000000   507.919000
  428.000000   363.297000   367.879000    30.000000   508.375000
  429.000000   363.506000   368.085000    30.000000   508.831000
  430.000000   363.715000   368.291000    30.000000   509.287000
  431.000000   363.924000   368.497000    30.000000   509.744000
  432.000000   364.133000   368.703000    30.000000   510.464000
  433.000000   364.342000   368.909000    30.000000   510.921000
  434.000000   364.551000   369.115000    30.000000   511.379000
  435.000000   364.760000   369.320000    30.000000   511.836000
  436.000000   364.969000   369.526000    30.000000   512.294000
  437.000000   365.177000   369.732000    30.000000   512.754000
  438.000000   365.386000   369.937000    30.000000   513.476000
  439.000000   365.595000   370.143000    30.000000   513.934000
  440.000000   365.803000   370.349000    30.000000   514.394000
  441.000000   366.012000   370.554000    30.000000   514.853000
  442.000000   366.220000   370.760000    30.000000   515.312000
  443.000000   366.429000   370.965000    30.000000   515.772000
  444.000000   366.637000   371.171000    30.000000   516.233000
  445.000000   366.846000   371.376000    30.000000   516.957000
  446.000000   367.054000   371.581000    30.000000   517.417000
  447.000000   367.262000   371.787000    30.000000   517.878000
  448.000000   367.470000   371.992000    30.000000   518.340000
  449.000000   367.678000   372.197000    30.000000   518.801000
  450.000000   367.887000   372.402000    30.000000   519.263000
  451.000000   368.095000   372.607000    30.000000   519.989000
  452.000000   368.303000   372.812000    30.000000   520.451000
  453.000000   368.511000   373.017000    30.000000   520.914000
  454.000000   368.719000   373.222000    30.000000   521.377000
  455.000000   368.927000   373.428000    30.000000   521.840000
  456.000000   369.134000   373.632000    30.000000   522.304000
  457.000000   369.342000   373.837000    30.000000   523.031000
  458.000000   369.550000   374.042000    30.000000   523.495000
  459.000000   369.758000   374.247000    30.000000   523.961000
  460.000000   369.965000   374.451000    30.000000   524.425000
  461.000000   370.173000   374.656000    30.000000   524.890000
  462.000000   370.381000   374.861000    30.000000   525.356000
  463.000000   370.588000   375.066000    30.000000   525.821000
  464.000000   370.796000   375.270000    30.000000   526.551000
  465.000000   371.003000   375.474000    30.000000   527.017000
  466.000000   371.210000   375.679000    30.000000   527.483000
  467.000000   371.418000   375.883000    30.000000   527.949000
  468.000000   371.625000   376.088000    30.000000   528.416000
  469.000000   371.832000   376.292000    30.000000   528.883000
  470.000000   372.039000   376.496000    30.000000   529.615000
  471.000000   372.247000   376.701000    30.000000   530.083000
  472.000000   372.454000   376.905000    30.000000   530.551000
  473.000000   372.661000   377.109000    30.000000   531.019000
  474.000000   372.868000   377.313000    30.000000   531.487000
  475.000000   373.075000   377.518000    30.000000   531.956000
  476.000000   373.282000   377.722000    30.000000   532.425000
  477.000000   373.488000   377.925000    30.000000   533.159000
  478.000000   373.695000   378.129000    30.000000   533.628000
  479.000000   373.902000   378.333000    30.000000   534.098000
  480.000000   374.109000   378.537000    30.000000   534.569000
  481.000000   374.315000   378.741000    30.000000   535.040000
  482.000000   374.522000   378.945000    30.000000   535.511000
  483.000000   374.729000   379.148000    30.000000   536.246000
  484.000000   374.935000   379.352000    30.000000   536.718000
  485.000000   375.142000   379.556000    30.000000   537.189000
  486.000000   375.348000   379.760000    30.000000   537.661000
  487.000000   375.554000   379.963000    30.000000   538.134000
  488.000000   375.761000   380.167000    30.000000   538.606000
  489.000000   375.967000   380.370000    30.000000   539.343000
  490.000000   376.173000   380.573000    30.000000   539.816000
  491.000000   376.379000   380.777000    30.000000   540.289000
  492.000000   376.586000   380.980000    30.000000   540.763000
  493.000000   376.792000   381.184000    30.000000   541.237000
  494.000000   376.998000   381.387000    30.000000   541.711000
  495.000000   377.204000   381.590000    30.000000   542.186000
  496.000000   377.410000   381.793000    30.000000   542.925000
  497.000000   377.616000   381.996000    30.000000   543.400000
  498.000000   377.822000   382.200000    30.000000   543.875000
  499.000000   378.027000   382.403000    30.000000   544.351000
  500.000000   378.233000   382.606000    30.000000   544.827000
  501.000000   378.439000   382.809000    30.000000   545.303000
  502.000000   378.645000   383.011000    30.000000   546.043000
  503.000000   378.850000   383.214000    30.000000   546.522000
  504.000000   379.056000   383.417000    30.000000   546.999000
  505.000000   379.261000   383.620000    30.000000   547.476000
  506.000000   379.467000   383.823000    30.000000   547.954000
  507.000000   379.672000   384.026000    30.000000   548.432000
  508.000000   379.878000   384.228000    30.000000   548.910000
  509.000000   380.083000   384.431000    30.000000   549.653000
  510.000000   380.288000   384.633000    30.000000   550.131000
  511.000000   380.493000   384.836000    30.000000   550.610000
  512.000000   380.699000   385.038000    30.000000   551.090000
  513.000000   380.904000   385.241000    30.000000   551.569000
  514.000000   381.109000   385.443000    30.000000   552.049000
  515.000000   381.314000   385.646000    30.000000   552.530000
  516.000000   381.519000   385.848000    30.000000   553.274000
  517.000000   381.724000   386.050000    30.000000   553.755000
  518.000000   381.929000   386.252000    30.000000   554.236000
  519.000000   382.134000   386.454000    30.000000   554.718000
  520.000000   382.338000   386.657000    30.000000   555.199000
  521.000000   382.543000   386.859000    30.000000   555.681000
  522.000000   382.748000   387.061000    30.000000   556.428000
  523.000000   382.953000   387.263000    30.000000   556.910000
  524.000000   383.157000   387.465000    30.000000   557.393000
  525.000000   383.362000   387.667000    30.000000   557.878000
  526.000000   383.566000   387.869000    30.000000   558.361000
  527.000000   383.771000   388.070000    30.000000   558.845000
  528.000000   383.975000   388.272000    30.000000   559.329000
  529.000000   384.180000   388.474000    30.000000   560.077000
  530.000000   384.384000   388.675000    30.000000   560.562000
  531.000000   384.588000   388.877000    30.000000   561.047000
  532.000000   384.793000   389.079000    30.000000   561.532000
  533.000000   384.997000   389.280000    30.000000   562.017000
  534.000000   385.201000   389.482000    30.000000   562.503000
  535.000000   385.405000   389.683000    30.000000   563.253000
  536.000000   385.609000   389.885000    30.000000   563.740000
  537.000000   385.813000   390.086000    30.000000   564.226000
  538.000000   386.017000   390.287000    30.000000   564.713000
  539.000000   386.221000   390.489000    30.000000   565.200000
  540.000000   386.425000   390.690000    30.000000   565.688000
  541.000000   386.628000   390.891000    30.000000   566.175000
  542.000000   386.832000   391.092000    30.000000   566.928000
  543.000000   387.036000   391.293000    30.000000   567.416000
  544.000000   387.240000   391.494000    30.000000   567.905000
  545.000000   387.443000   391.695000    30.000000   568.394000
  546.000000   387.647000   391.896000    30.000000   568.883000
  547.000000   387.850000   392.097000    30.000000   569.374000
  548.000000   388.054000   392.298000    30.000000   569.863000
  549.000000   388.257000   392.499000    30.000000   570.618000
  550.000000   388.461000   392.700000    30.000000   571.108000
  551.000000   388.664000   392.901000    30.000000   571.599000
  552.000000   388.867000   393.101000    30.000000   572.090000
  553.000000   389.070000   393.302000    30.000000   572.581000
  554.000000   389.273000   393.503000    30.000000   573.073000
  555.000000   389.477000   393.703000    30.000000   573.829000
  556.000000   389.680000   393.904000    30.000000   574.321000
  557.000000   389.883000   394.104000    30.000000   574.814000
  558.000000   390.086000   394.305000    30.000000   575.306000
  559.000000   390.289000   394.505000    30.000000   575.799000
  560.000000   390.491000   394.705000    30.000000   576.292000
  561.000000   390.694000   394.906000    30.000000   576.786000
  562.000000   390.897000   395.106000    30.000000   577.545000
  563.000000   391.100000   395.306000    30.000000   578.039000
  564.000000   391.303000   395.506000    30.000000   578.533000
  565.000000   391.505000   395.706000    30.000000   579.028000
  566.000000   391.708000   395.906000    30.000000   579.523000
  567.000000   391.910000   396.107000    30.000000   580.018000
  568.000000   392.113000   396.307000    30.000000   580.515000
  569.000000   392.315000   396.506000    30.000000   581.276000
  570.000000   392.518000   396.706000    30.000000   581.772000
  571.000000   392.720000   396.906000    30.000000   582.268000
  572.000000   392.922000   397.106000    30.000000   582.765000
  573.000000   393.124000   397.306000    30.000000   583.262000
  574.000000   393.327000   397.506000    30.000000   583.759000
  575.000000   393.529000   397.705000    30.000000   584.522000
  576.000000   393.731000   397.904000    30.000000   585.020000
  577.000000   393.933000   398.104000    30.000000   585.518000
  578.000000   394.135000   398.304000    30.000000   586.017000
  579.000000   394.337000   398.503000    30.000000   586.516000
  580.000000   394.539000   398.703000    30.000000   587.015000
  581.000000   394.741000   398.902000    30.000000   587.514000
  582.000000   394.942000   399.101000    30.000000   588.279000
  583.000000   395.144000   399.301000    30.000000   588.779000
  584.000000   395.346000   399.500000    30.000000   589.279000
  585.000000   395.548000   399.699000    30.000000   589.779000
  586.000000   395.749000   399.898000    30.000000   590.280000
  587.000000   395.951000   400.098000    30.000000   590.781000
  588.000000   396.152000   400.297000    30.000000   591.283000
  589.000000   396.354000   400.495000    30.000000   592.051000
  590.000000   396.555000   400.694000    30.000000   592.553000
  591.000000   396.756000   400.893000    30.000000   593.056000
  592.000000   396.958000   401.092000    30.000000   593.558000
  593.000000   397.159000   401.291000    30.000000   594.061000
  594.000000   397.360000   401.490000    30.000000   594.564000
  595.000000   397.561000   401.689000    30.000000   595.068000
  596.000000   397.762000   401.887000    30.000000   595.837000
  597.000000   397.964000   402.086000    30.000000   596.341000
  598.000000   398.165000   402.285000    30.000000   596.845000
  599.000000   398.365000   402.483000    30.000000   597.350000
  600.000000   398.566000   402.682000    30.000000   597.855000
  601.000000   398.767000   402.880000    30.000000   598.360000
  602.000000   398.968000   403.078000    30.000000   599.131000
  603.000000   399.169000   403.277000    30.000000   599.637000
  604.000000   399.370000   403.475000    30.000000   600.143000
  605.000000   399.570000   403.674000    30.000000   600.650000
  606.000000   399.771000   403.872000    30.000000   601.156000
  607.000000   399.971000   404.070000    30.000000   601.663000
  608.000000   400.172000   404.268000    30.000000   602.171000
  609.000000   400.372000   404.466000    30.000000   602.944000
  610.000000   400.573000   404.664000    30.000000   603.453000
  611.000000   400.773000   404.862000    30.000000   603.961000
  612.000000   400.973000   405.060000    30.000000   604.470000
  613.000000   401.174000   405.258000    30.000000   604.979000
  614.000000   401.374000   405.456000    30.000000   605.488000
  615.000000   401.574000   405.654000    30.000000   605.997000
  616.000000   401.774000   405.851000    30.000000   606.772000
  617.000000   401.974000   406.049000    30.000000   607.282000
  618.000000   402.174000   406.247000    30.000000   607.793000
  619.000000   402.374000   406.445000    30.000000   608.303000
  620.000000   402.574000   406.642000    30.000000   608.814000
  621.000000   402.774000   406.840000    30.000000   609.325000
  622.000000   402.974000   407.037000    30.000000   609.837000
  623.000000   403.174000   407.235000    30.000000   610.614000
  624.000000   403.373000   407.432000    30.000000   611.126000
  625.000000   403.573000   407.629000    30.000000   611.639000
  626.000000   403.773000   407.827000    30.000000   612.151000
  627.000000   403.972000   408.024000    30.000000   612.664000
  628.000000   404.172000   408.221000    30.000000   613.178000
  629.000000   404.371000   408.419000    30.000000   613.691000
  630.000000   404.571000   408.615000    30.000000   614.471000
  631.000000   404.770000   408.812000    30.000000   614.986000
  632.000000   404.969000   409.010000    30.000000   615.501000
  633.000000   405.169000   409.207000    30.000000   616.016000
  634.000000   405.368000   409.404000    30.000000   616.531000
  635.000000   405.567000   409.601000    30.000000   617.046000
  636.000000   405.766000   409.797000    30.000000   617.562000
  637.000000   405.965000   409.994000    30.000000   618.343000
  638.000000   406.164000   410.191000    30.000000   618.860000
  639.000000   406.363000   410.387000    30.000000   619.376000
  640.000000   406.562000   410.584000    30.000000   619.893000
  641.000000   406.761000   410.781000    30.000000   620.410000
  642.000000   406.960000   410.977000    30.000000   620.928000
  643.000000   407.158000   411.174000    30.000000   621.446000
  644.000000   407.357000   411.370000    30.000000   622.229000
  645.000000   407.556000   411.566000    30.000000   622.748000
  646.000000   407.754000   411.763000    30.000000   623.266000
  647.000000   407.953000   411.959000    30.000000   623.785000
  648.000000   408.151000   412.156000    30.000000   624.305000
  649.000000   408.350000   412.352000    30.000000   624.824000
  650.000000   408.548000   412.548000    30.000000   625.344000
  651.000000   408.747000   412.744000    30.000000   626.130000
  652.000000   408.945000   412.940000    30.000000   626.652000
  653.000000   409.143000   413.136000    30.000000   627.173000
  654.000000   409.341000   413.332000    30.000000   627.694000
  655.000000   409.540000   413.528000    30.000000   628.215000
  656.000000   409.738000   413.724000    30.000000   628.737000
  657.000000   409.936000   413.920000    30.000000   629.259000
  658.000000   410.134000   414.115000    30.000000   630.047000
  659.000000   410.332000   414.311000    30.000000   630.569000
  660.000000   410.530000   414.507000    30.000000   631.092000
  661.000000   410.727000   414.703000    30.000000   631.615000
  662.000000   410.925000   414.898000    30.000000   632.139000
  663.000000   411.123000   415.094000    30.000000   632.663000
  664.000000   411.321000   415.290000    30.000000   633.187000
  665.000000   411.518000   415.485000    30.000000   633.977000
  666.000000   411.716000   415.680000    30.000000   634.502000
  667.000000   411.914000   415.875000    30.000000   635.027000
  668.000000   412.111000   416.071000    30.000000   635.552000
  669.000000   412.308000   416.266000    30.000000   636.078000
  670.000000   412.506000   416.461000    30.000000   636.603000
  671.000000   412.703000   416.657000    30.000000   637.130000
  672.000000   412.900000   416.851000    30.000000   637.923000
  673.000000   413.098000   417.047000    30.000000   638.450000
  674.000000   413.295000   417.242000    30.000000   638.977000
  675.000000   413.492000   417.437000    30.000000   639.505000
  676.000000   413.689000   417.632000    30.000000   640.032000
  677.000000   413.886000   417.827000    30.000000   640.560000
  678.000000   414.083000   418.021000    30.000000   641.089000
  679.000000   414.280000   418.216000    30.000000   641.883000
  680.000000   414.477000   418.411000    30.000000   642.412000
  681.000000   414.674000   418.605000    30.000000   642.941000
  682.000000   414.871000   418.800000    30.000000   643.471000
  683.000000   415.067000   418.995000    30.000000   644.001000
  684.000000   415.264000   419.189000    30.000000   644.531000
  685.000000   415.461000   419.384000    30.000000   645.061000
  686.000000   415.657000   419.578000    30.000000   645.858000
  687.000000   415.854000   419.772000    30.000000   646.389000
  688.000000   416.050000   419.967000    30.000000   646.920000
  689.000000   416.247000   420.161000    30.000000   647.452000
  690.000000   416.443000   420.356000    30.000000   647.984000
  691.000000   416.639000   420.550000    30.000000   648.516000
  692.000000   416.836000   420.744000    30.000000   649.049000
  693.000000   417.032000   420.938000    30.000000   649.849000
  694.000000   417.228000   421.132000    30.000000   650.382000
  695.000000   417.424000   421.326000    30.000000   650.915000
  696.000000   417.620000   421.520000    30.000000   651.449000
  697.000000   417.816000   421.714000    30.000000   651.983000
  698.000000   418.012000   421.908000    30.000000   652.518000
  699.000000   418.208000   422.102000    30.000000   653.052000
  700.000000   418.404000   422.295000    30.000000   653.853000
  701.000000   418.600000   422.489000    30.000000   654.389000
  702.000000   418.795000   422.683000    30.000000   654.924000
  703.000000   418.991000   422.876000    30.000000   655.460000
  704.000000   419.187000   423.070000    30.000000   655.996000
  705.000000   419.382000   423.263000    30.000000   656.533000
  706.000000   419.578000   423.457000    30.000000   657.069000
  707.000000   419.773000   423.650000    30.000000   657.873000
  708.000000   419.969000   423.843000    30.000000   658.410000
  709.000000   420.164000   424.037000    30.000000   658.948000
  710.000000   420.360000   424.230000    30.000000   659.486000
  711.000000   420.555000   424.423000    30.000000   660.024000
  712.000000   420.750000   424.617000    30.000000   660.563000
  713.000000   420.945000   424.810000    30.000000   661.103000
  714.000000   421.140000   425.002000    30.000000   661.908000
  715.000000   421.335000   425.196000    30.000000   662.448000
  716.000000   421.530000   425.389000    30.000000   662.988000
  717.000000   421.725000   425.582000    30.000000   663.528000
  718.000000   421.920000   425.774000    30.000000   664.068000
  719.000000   422.115000   425.967000    30.000000   664.609000
  720.000000   422.310000   426.160000    30.000000   665.150000
  721.000000   422.505000   426.353000    30.000000   665.691000
  722.000000   422.700000   426.545000    30.000000   666.499000
  723.000000   422.894000   426.738000    30.000000   667.041000
  724.000000   423.089000   426.931000    30.000000   667.583000
  725.000000   423.283000   427.123000    30.000000   668.126000
  726.000000   423.478000   427.316000    30.000000   668.669000
  727.000000   423.672000   427.508000    30.000000   669.212000
  728.000000   423.867000   427.701000    30.000000   669.755000
  729.000000   424.061000   427.893000    30.000000   670.565000
  730.000000   424.255000   428.085000    30.000000   671.109000
  731.000000   424.450000   428.277000    30.000000   671.654000
  732.000000   424.644000   428.469000    30.000000   672.198000
  733.000000   424.838000   428.662000    30.000000   672.745000
  734.000000   425.032000   428.854000    30.000000   673.290000
  735.000000   425.226000   429.046000    30.000000   673.836000
  736.000000   425.420000   429.238000    30.000000   674.648000
  737.000000   425.614000   429.429000    30.000000   675.194000
  738.000000   425.808000   429.621000    30.000000   675.741000
  739.000000   426.002000   429.813000    30.000000   676.288000
  740.000000   426.196000   430.005000    30.000000   676.835000
  741.000000   426.389000   430.197000    30.000000   677.382000
  742.000000   426.583000   430.389000    30.000000   677.930000
  743.000000   426.777000   430.580000    30.000000   678.744000
  744.000000   426.970000   430.772000    30.000000   679.292000
  745.000000   427.164000   430.963000    30.000000   679.841000
  746.000000   427.357000   431.155000    30.000000   680.390000
  747.000000   427.550000   431.346000    30.000000   680.939000
  748.000000   427.744000   431.538000    30.000000   681.489000
  749.000000   427.937000   431.729000    30.000000   682.039000
  750.000000   428.130000   431.920000    30.000000   682.589000
  751.000000   428.324000   432.111000    30.000000   683.406000
  752.000000   428.517000   432.302000    30.000000   683.958000
  753.000000   428.710000   432.494000    30.000000   684.509000
  754.000000   428.903000   432.685000    30.000000   685.061000
  755.000000   429.096000   432.876000    30.000000   685.612000
  756.000000   429.289000   433.067000    30.000000   686.164000
  757.000000   429.482000   433.258000    30.000000   686.717000
  758.000000   429.675000   433.448000    30.000000   687.535000
  759.000000   429.867000   433.639000    30.000000   688.088000
  760.000000   430.060000   433.830000    30.000000   688.642000
  761.000000   430.253000   434.021000    30.000000   689.195000
  762.000000   430.445000   434.212000    30.000000   689.749000
  763.000000   430.638000   434.402000    30.000000   690.303000
  764.000000   430.830000   434.593000    30.000000   690.858000
  765.000000   431.023000   434.783000    30.000000   691.679000
  766.000000   431.215000   434.974000    30.000000   692.234000
  767.000000   431.408000   435.164000    30.000000   692.789000
  768.000000   431.600000   435.355000    30.000000   693.345000
  769.000000   431.792000   435.545000    30.000000   693.901000
  770.000000   431.984000   435.735000    30.000000   694.457000
  771.000000   432.176000   435.925000    30.000000   695.014000
  772.000000   432.369000   436.116000    30.000000   695.572000
  773.000000   432.561000   436.305000    30.000000   696.396000
  774.000000   432.753000   436.496000    30.000000   696.953000
  775.000000   432.945000   436.686000    30.000000   697.511000
  776.000000   433.136000   436.876000    30.000000   698.069000
  777.000000   433.328000   437.066000    30.000000   698.628000
  778.000000   433.520000   437.256000    30.000000   699.186000
  779.000000   433.712000   437.445000    30.000000   699.745000
  780.000000   433.903000   437.635000    30.000000   700.571000
  781.000000   434.095000   437.825000    30.000000   701.131000
  782.000000   434.287000   438.014000    30.000000   701.691000
  783.000000   434.478000   438.204000    30.000000   702.251000
  784.000000   434.670000   438.394000    30.000000   702.812000
  785.000000   434.861000   438.583000    30.000000   703.372000
  786.000000   435.052000   438.773000    30.000000   703.934000
  787.000000   435.244000   438.962000    30.000000   704.495000
  788.000000   435.435000   439.151000    30.000000   705.323000
  789.000000   435.626000   439.340000    30.000000   705.885000
  790.000000   435.817000   439.530000    30.000000   706.448000
  791.000000   436.008000   439.719000    30.000000   707.011000
  792.000000   436.199000   439.908000    30.000000   707.575000
  793.000000   436.390000   440.097000    30.000000   708.138000
  794.000000   436.581000   440.286000    30.000000   708.702000
  795.000000   436.772000   440.475000    30.000000   709.533000
  796.000000   436.963000   440.664000    30.000000   710.097000
  797.000000   437.154000   440.853000    30.000000   710.661000
  798.000000   437.344000   441.042000    30.000000   711.226000
  799.000000   437.535000   441.231000    30.000000   711.791000
  800.000000   437.725000   441.420000    30.000000   712.357000
  801.000000   437.916000   441.608000    30.000000   712.922000
  802.000000   438.107000   441.797000    30.000000   713.489000
  803.000000   438.297000   441.985000    30.000000   714.321000
  804.000000   438.487000   442.174000    30.000000   714.888000
  805.000000   438.678000   442.362000    30.000000   715.455000
  806.000000   438.868000   442.551000    30.000000   716.022000
  807.000000   439.058000   442.739000    30.000000   716.590000
  808.000000   439.248000   442.928000    30.000000   717.158000
  809.000000   439.438000   443.116000    30.000000   717.726000
  810.000000   439.629000   443.304000    30.000000   718.561000
  811.000000   439.819000   443.492000    30.000000   719.132000
  812.000000   440.008000   443.680000    30.000000   719.701000
  813.000000   440.198000   443.868000    30.000000   720.270000
  814.000000   440.388000   444.056000    30.000000   720.840000
  815.000000   440.578000   444.244000    30.000000   721.410000
  816.000000   440.768000   444.432000    30.000000   721.980000
  817.000000   440.957000   444.620000    30.000000   722.551000
  818.000000   441.147000   444.808000    30.000000   723.389000
  819.000000   441.337000   444.995000    30.000000   723.960000
  820.000000   441.526000   445.183000    30.000000   724.531000
  821.000000   441.716000   445.371000    30.000000   725.103000
  822.000000   441.905000   445.559000    30.000000   725.675000
  823.000000   442.094000   445.746000    30.000000   726.248000
  824.000000   442.284000   445.934000    30.000000   726.821000
  825.000000   442.473000   446.121000    30.000000   727.394000
  826.000000   442.662000   446.308000    30.000000   728.234000
  827.000000   442.851000   446.496000    30.000000   728.808000
  828.000000   443.040000   446.683000    30.000000   729.382000
  829.000000   443.229000   446.870000    30.000000   729.956000
  830.000000   443.418000   447.057000    30.000000   730.532000
  831.000000   443.607000   447.245000    30.000000   731.107000
  832.000000   443.796000   447.432000    30.000000   731.682000
  833.000000   443.985000   447.618000    30.000000   732.525000
  834.000000   444.174000   447.805000    30.000000   733.101000
  835.000000   444.363000   447.992000    30.000000   733.677000
  836.000000   444.551000   448.179000    30.000000   734.253000
  837.000000   444.740000   448.366000    30.000000   734.830000
  838.000000   444.928000   448.553000    30.000000   735.407000
  839.000000   445.117000   448.740000    30.000000   735.984000
  840.000000   445.305000   448.926000    30.000000   736.562000
  841.000000   445.494000   449.113000    30.000000   737.407000
  842.000000   445.682000   449.299000    30.000000   737.985000
  843.000000   445.870000   449.486000    30.000000   738.564000
  844.000000   446.058000   449.672000    30.000000   739.143000
  845.000000   446.247000   449.859000    30.000000   739.722000
  846.000000   446.435000   450.045000    30.000000   740.301000
  847.000000   446.623000   450.231000    30.000000   740.881000
  848.000000   446.811000   450.418000    30.000000   741.461000
  849.000000   446.999000   450.604000    30.000000   742.310000
  850.000000   447.187000   450.790000    30.000000   742.891000
  851.000000   447.374000   450.976000    30.000000   743.472000
  852.000000   447.562000   451.162000    30.000000   744.053000
  853.000000   447.750000   451.348000    30.000000   744.635000
  854.000000   447.938000   451.534000    30.000000   745.217000
  855.000000   448.125000   451.720000    30.000000   745.799000
  856.000000   448.313000   451.905000    30.000000   746.649000
  857.000000   448.500000   452.091000    30.000000   747.231000
  858.000000   448.688000   452.277000    30.000000   747.815000
  859.000000   448.875000   452.463000    30.000000   748.398000
  860.000000   449.063000   452.648000    30.000000   748.982000
  861.000000   449.250000   452.834000    30.000000   749.566000
  862.000000   449.437000   453.019000    30.000000   750.150000
  863.000000   449.624000   453.205000    30.000000   750.735000
  864.000000   449.811000   453.390000    30.000000   751.587000
  865.000000   449.998000   453.575000    30.000000   752.172000
  866.000000   450.185000   453.761000    30.000000   752.758000
  867.000000   450.372000   453.946000    30.000000   753.344000
  868.000000   450.559000   454.131000    30.000000   753.930000
  869.000000   450.746000   454.316000    30.000000   754.518000
  870.000000   450.933000   454.501000    30.000000   755.105000
  871.000000   451.120000   454.686000    30.000000   755.692000
  872.000000   451.306000   454.871000    30.000000   756.547000
  873.000000   451.493000   455.056000    30.000000   757.134000
  874.000000   451.680000   455.241000    30.000000   757.722000
  875.000000   451.866000   455.426000    30.000000   758.311000
  876.000000   452.053000   455.610000    30.000000   758.899000
  877.000000   452.239000   455.795000    30.000000   759.488000
  878.000000   452.425000   455.980000    30.000000   760.078000
  879.000000   452.612000   456.164000    30.000000   760.667000
  880.000000   452.798000   456.349000    30.000000   761.524000
  881.000000   452.984000   456.533000    30.000000   762.114000
  882.000000   453.170000   456.718000    30.000000   762.705000
  883.000000   453.356000   456.902000    30.000000   763.295000
  884.000000   453.542000   457.086000    30.000000   763.887000
  885.000000   453.728000   457.271000    30.000000   764.478000
  886.000000   453.914000   457.455000    30.000000   765.070000
  887.000000   454.100000   457.639000    30.000000   765.662000
  888.000000   454.286000   457.823000    30.000000   766.523000
  889.000000   454.472000   458.007000    30.000000   767.115000
  890.000000   454.657000   458.191000    30.000000   767.708000
  891.000000   454.843000   458.375000    30.000000   768.301000
  892.000000   455.029000   458.559000    30.000000   768.895000
  893.000000   455.214000   458.743000    30.000000   769.489000
  894.000000   455.400000   458.927000    30.000000   770.083000
  895.000000   455.585000   459.110000    30.000000   770.677000
  896.000000   455.770000   459.294000    30.000000   771.539000
  897.000000   455.956000   459.477000    30.000000   772.134000
  898.000000   456.141000   459.661000    30.000000   772.730000
  899.000000   456.326000   459.845000    30.000000   773.325000
  900.000000   456.511000   460.028000    30.000000   773.921000
  901.000000   456.696000   460.211000    30.000000   774.517000
  902.000000   456.881000   460.395000    30.000000   775.114000
  903.000000   457.066000   460.578000    30.000000   775.711000
  904.000000   457.251000   460.761000    30.000000   776.575000
  905.000000   457.436000   460.944000    30.000000   777.173000
  906.000000   457.621000   461.127000    30.000000   777.772000
  907.000000   457.806000   461.311000    30.000000   778.370000
  908.000000   457.990000   461.494000    30.000000   778.969000
  909.000000   458.175000   461.677000    30.000000   779.567000
  910.000000   458.360000   461.860000    30.000000   780.166000
  911.000000   458.544000   462.043000    30.000000   780.766000
  912.000000   458.729000   462.225000    30.000000   781.632000
  913.000000   458.913000   462.408000    30.000000   782.232000
  914.000000   459.097000   462.591000    30.000000   782.832000
  915.000000   459.282000   462.773000    30.000000   783.433000
  916.000000   459.466000   462.956000    30.000000   784.034000
  917.000000   459.650000   463.138000    30.000000   784.635000
  918.000000   459.834000   463.321000    30.000000   785.236000
  919.000000   460.018000   463.503000    30.000000   785.838000
  920.000000   460.202000   463.685000    30.000000   786.707000
  921.000000   460.386000   463.868000    30.000000   787.309000
  922.000000   460.570000   464.050000    30.000000   787.912000
  923.000000   460.754000   464.232000    30.000000   788.515000
  924.000000   460.938000   464.414000    30.000000   789.118000
  925.000000   461.122000   464.597000    30.000000   789.723000
  926.000000   461.305000   464.779000    30.000000   790.327000
  927.000000   461.489000   464.961000    30.000000   790.931000
  928.000000   461.673000   465.142000    30.000000   791.803000
  929.000000   461.856000   465.324000    30.000000   792.408000
  930.000000   462.040000   465.506000    30.000000   793.013000
  931.000000   462.223000   465.688000    30.000000   793.618000
  932.000000   462.406000   465.870000    30.000000   794.224000
  933.000000   462.590000   466.051000    30.000000   794.830000
  934.000000   462.773000   466.233000    30.000000   795.436000
  935.000000   462.956000   466.415000    30.000000   796.042000
  936.000000   463.139000   466.596000    30.000000   796.916000
  937.000000   463.322000   466.777000    30.000000   797.524000
  938.000000   463.505000   466.959000    30.000000   798.131000
  939.000000   463.688000   467.140000    30.000000   798.739000
  940.000000   463.871000   467.321000    30.000000   799.347000
  941.000000   464.054000   467.502000    30.000000   799.955000
  942.000000   464.237000   467.684000    30.000000   800.564000
  943.000000   464.419000   467.865000    30.000000   801.173000
  944.000000   464.602000   468.046000    30.000000   802.051000
  945.000000   464.785000   468.227000    30.000000   802.661000
  946.000000   464.967000   468.408000    30.000000   803.270000
  947.000000   465.150000   468.588000    30.000000   803.881000
  948.000000   465.332000   468.769000    30.000000   804.491000
  949.000000   465.515000   468.950000    30.000000   805.102000
  950.000000   465.697000   469.131000    30.000000   805.713000
  951.000000   465.879000   469.312000    30.000000   806.324000
  952.000000   466.062000   469.492000    30.000000   807.203000
  953.000000   466.244000   469.672000    30.000000   807.815000
  954.000000   466.426000   469.853000    30.000000   808.427000
  955.000000   466.608000   470.033000    30.000000   809.040000
  956.000000   466.790000   470.214000    30.000000   809.653000
  957.000000   466.972000   470.394000    30.000000   810.266000
  958.000000   467.154000   470.575000    30.000000   810.879000
  959.000000   467.335000   470.755000    30.000000   811.493000
  960.000000   467.517000   470.935000    30.000000   812.107000
  961.000000   467.699000   471.115000    30.000000   812.989000
  962.000000   467.881000   471.295000    30.000000   813.605000
  963.000000   468.062000   471.475000    30.000000   814.220000
  964.000000   468.244000   471.655000    30.000000   814.835000
  965.000000   468.425000   471.835000    30.000000   815.451000
  966.000000   468.607000   472.015000    30.000000   816.067000
  967.000000   468.788000   472.194000    30.000000   816.683000
  968.000000   468.969000   472.374000    30.000000   817.300000
  969.000000   469.151000   472.553000    30.000000   818.183000
  970.000000   469.332000   472.733000    30.000000   818.801000
  971.000000   469.513000   472.913000    30.000000   819.418000
  972.000000   469.694000   473.092000    30.000000   820.036000
  973.000000   469.875000   473.272000    30.000000   820.654000
  974.000000   470.056000   473.451000    30.000000   821.272000
  975.000000   470.237000   473.630000    30.000000   821.890000
  976.000000   470.418000   473.810000    30.000000   822.509000
  977.000000   470.599000   473.989000    30.000000   823.396000
  978.000000   470.779000   474.168000    30.000000   824.015000
  979.000000   470.960000   474.347000    30.000000   824.635000
  980.000000   471.141000   474.526000    30.000000   825.257000
  981.000000   471.321000   474.705000    30.000000   825.877000
  982.000000   471.502000   474.884000    30.000000   826.498000
  983.000000   471.682000   475.063000    30.000000   827.118000
  984.000000   471.863000   475.242000    30.000000   827.740000
  985.000000   472.043000   475.421000    30.000000   828.361000
  986.000000   472.223000   475.599000    30.000000   829.250000
  987.000000   472.403000   475.778000    30.000000   829.872000
  988.000000   472.584000   475.956000    30.000000   830.495000
  989.000000   472.764000   476.135000    30.000000   831.118000
  990.000000   472.944000   476.313000    30.000000   831.741000
  991.000000   473.124000   476.492000    30.000000   832.364000
  992.000000   473.304000   476.670000    30.000000   832.988000
  993.000000   473.484000   476.849000    30.000000   833.611000
  994.000000   473.663000   477.027000    30.000000   834.503000
  995.000000   473.843000   477.205000    30.000000   835.127000
  996.000000   474.023000   477.383000    30.000000   835.752000
  997.000000   474.203000   477.561000    30.000000   836.377000
  998.000000   474.382000   477.739000    30.000000   837.005000
  999.000000   474.562000   477.917000    30.000000   837.630000
 1000.000000   474.741000   478.095000    30.000000   838.256000
