If you want this file to be written, enable debug flag FILE_ITER_NODE in the beginning of the file receiver.c!
   T1       T2       T3       T4       T5       T6       T9      T10      q4_5_cond     q_HL_ext       error
node =      1, position =    0.0 [m]------------------------------------------------------
  100.000  101.000  102.000   31.000   30.000   29.000   26.000   25.000    134.745       15.467  -2.025e+02
  100.000  111.954  121.139   48.853   48.753   31.133   23.779   25.000     13.543       71.305  -2.544e+01
  100.000  111.954  121.048   48.771   48.669   31.005   23.869   25.000     13.670       71.063  -2.581e+01
  100.000  111.954  121.048   48.772   48.670   31.011   23.867   25.000     13.670       71.066  -2.581e+01
node =      2, position =    5.0 [m]------------------------------------------------------
  102.152  111.954  121.048   48.772   48.670   31.011   23.867   25.000     13.670       71.066  -2.581e+01
  102.152  113.954  123.034   48.893   48.787   31.018   23.867   25.000     14.169       71.405  -2.597e+01
node =      3, position =   10.0 [m]------------------------------------------------------
  104.297  113.954  123.034   48.893   48.788   31.018   23.867   25.000     14.173       71.408  -2.597e+01
  104.297  115.953  125.018   49.017   48.908   31.025   23.867   25.000     14.680       71.753  -2.613e+01
node =      4, position =   15.0 [m]------------------------------------------------------
  106.435  115.953  125.018   49.017   48.909   31.026   23.867   25.000     14.684       71.755  -2.613e+01
  106.435  117.949  127.000   49.143   49.030   31.033   23.867   25.000     15.199       72.106  -2.630e+01
node =      5, position =   20.0 [m]------------------------------------------------------
  108.565  117.949  127.000   49.144   49.031   31.033   23.867   25.000     15.203       72.108  -2.630e+01
  108.565  119.943  128.979   49.271   49.154   31.041   23.868   25.000     15.727       72.465  -2.647e+01
  108.565  119.943  128.979   49.272   49.155   31.041   23.868   25.000     15.731       72.467  -2.647e+01
node =      6, position =   25.0 [m]------------------------------------------------------
  110.688  119.943  128.979   49.272   49.155   31.041   23.868   25.000     15.731       72.467  -2.647e+01
  110.688  121.935  130.956   49.401   49.280   31.049   23.868   25.000     16.264       72.829  -2.664e+01
node =      7, position =   30.0 [m]------------------------------------------------------
  112.804  121.935  130.956   49.402   49.281   31.049   23.868   25.000     16.268       72.832  -2.664e+01
  112.804  123.924  132.931   49.533   49.409   31.056   23.868   25.000     16.809       73.199  -2.681e+01
node =      8, position =   35.0 [m]------------------------------------------------------
  114.913  123.924  132.931   49.534   49.409   31.057   23.868   25.000     16.813       73.202  -2.681e+01
  114.913  125.910  134.903   49.668   49.539   31.065   23.868   25.000     17.363       73.575  -2.699e+01
node =      9, position =   40.0 [m]------------------------------------------------------
  117.015  125.910  134.903   49.669   49.540   31.065   23.868   25.000     17.367       73.578  -2.699e+01
  117.015  127.893  136.872   49.804   49.671   31.073   23.869   25.000     17.926       73.957  -2.717e+01
node =     10, position =   45.0 [m]------------------------------------------------------
  119.110  127.893  136.872   49.805   49.672   31.073   23.869   25.000     17.930       73.959  -2.717e+01
  119.110  129.874  138.838   49.943   49.806   31.081   23.869   25.000     18.498       74.344  -2.736e+01
node =     11, position =   50.0 [m]------------------------------------------------------
  121.198  129.874  138.838   49.944   49.807   31.081   23.869   25.000     18.502       74.347  -2.736e+01
  121.198  131.851  140.801   50.084   49.942   31.090   23.869   25.000     19.079       74.738  -2.754e+01
node =     12, position =   55.0 [m]------------------------------------------------------
  123.279  131.851  140.801   50.085   49.943   31.090   23.869   25.000     19.083       74.740  -2.755e+01
  123.279  133.825  142.761   50.227   50.081   31.098   23.869   25.000     19.669       75.137  -2.773e+01
node =     13, position =   60.0 [m]------------------------------------------------------
  125.353  133.825  142.761   50.228   50.082   31.098   23.869   25.000     19.673       75.140  -2.774e+01
  125.353  135.795  144.717   50.372   50.222   31.107   23.869   25.000     20.268       75.542  -2.793e+01
node =     14, position =   65.0 [m]------------------------------------------------------
  127.421  135.795  144.717   50.373   50.223   31.107   23.869   25.000     20.272       75.545  -2.793e+01
  127.421  137.762  146.670   50.519   50.365   31.116   23.870   25.000     20.876       75.954  -2.813e+01
node =     15, position =   70.0 [m]------------------------------------------------------
  129.482  137.762  146.670   50.520   50.365   31.116   23.870   25.000     20.880       75.956  -2.813e+01
  129.482  139.726  148.619   50.669   50.510   31.125   23.870   25.000     21.493       76.371  -2.833e+01
node =     16, position =   75.0 [m]------------------------------------------------------
  131.536  139.725  148.619   50.670   50.511   31.125   23.870   25.000     21.497       76.373  -2.833e+01
  131.536  141.685  150.565   50.821   50.657   31.134   23.870   25.000     22.120       76.794  -2.853e+01
node =     17, position =   80.0 [m]------------------------------------------------------
  133.584  141.685  150.565   50.822   50.658   31.134   23.870   25.000     22.124       76.797  -2.853e+01
  133.584  143.641  152.507   50.975   50.806   31.144   23.870   25.000     22.756       77.223  -2.874e+01
node =     18, position =   85.0 [m]------------------------------------------------------
  135.625  143.641  152.507   50.976   50.807   31.144   23.870   25.000     22.760       77.226  -2.874e+01
  135.625  145.593  154.446   51.131   50.958   31.153   23.871   25.000     23.401       77.659  -2.895e+01
node =     19, position =   90.0 [m]------------------------------------------------------
  137.660  145.593  154.446   51.132   50.959   31.153   23.871   25.000     23.405       77.662  -2.895e+01
  137.660  147.542  156.380   51.290   51.112   31.163   23.871   25.000     24.056       78.100  -2.916e+01
node =     20, position =   95.0 [m]------------------------------------------------------
  139.688  147.542  156.380   51.291   51.113   31.163   23.871   25.000     24.060       78.103  -2.916e+01
  139.688  149.486  158.311   51.451   51.268   31.173   23.871   25.000     24.721       78.548  -2.938e+01
node =     21, position =  100.0 [m]------------------------------------------------------
  141.710  149.486  158.311   51.452   51.269   31.173   23.871   25.000     24.725       78.551  -2.938e+01
  141.710  151.427  160.237   51.614   51.426   31.183   23.871   25.000     25.395       79.002  -2.960e+01
node =     22, position =  105.0 [m]------------------------------------------------------
  143.726  151.427  160.237   51.615   51.427   31.183   23.871   25.000     25.399       79.005  -2.960e+01
  143.726  153.363  162.160   51.780   51.586   31.193   23.872   25.000     26.079       79.462  -2.982e+01
  143.726  153.363  162.160   51.781   51.587   31.193   23.872   25.000     26.083       79.465  -2.982e+01
node =     23, position =  110.0 [m]------------------------------------------------------
  145.735  153.363  162.160   51.781   51.587   31.193   23.872   25.000     26.083       79.465  -2.982e+01
  145.735  155.296  164.079   51.948   51.749   31.203   23.872   25.000     26.773       79.929  -3.005e+01
node =     24, position =  115.0 [m]------------------------------------------------------
  147.738  155.296  164.079   51.949   51.750   31.203   23.872   25.000     26.777       79.932  -3.005e+01
  147.738  157.224  165.993   52.118   51.914   31.214   23.872   25.000     27.476       80.402  -3.028e+01
node =     25, position =  120.0 [m]------------------------------------------------------
  149.736  157.224  165.993   52.119   51.915   31.214   23.872   25.000     27.481       80.405  -3.028e+01
  149.736  159.148  167.904   52.291   52.082   31.224   23.873   25.000     28.190       80.881  -3.051e+01
node =     26, position =  125.0 [m]------------------------------------------------------
  151.727  159.148  167.904   52.292   52.083   31.224   23.873   25.000     28.194       80.884  -3.051e+01
  151.727  161.068  169.810   52.466   52.251   31.235   23.873   25.000     28.913       81.367  -3.075e+01
  151.727  161.068  169.810   52.467   52.252   31.235   23.873   25.000     28.918       81.370  -3.075e+01
node =     27, position =  130.0 [m]------------------------------------------------------
  153.711  161.068  169.810   52.467   52.252   31.235   23.873   25.000     28.918       81.370  -3.075e+01
  153.711  162.984  171.713   52.644   52.424   31.246   23.873   25.000     29.647       81.859  -3.099e+01
node =     28, position =  135.0 [m]------------------------------------------------------
  155.690  162.984  171.713   52.645   52.425   31.246   23.873   25.000     29.651       81.862  -3.099e+01
  155.690  164.896  173.611   52.823   52.598   31.257   23.874   25.000     30.391       82.357  -3.124e+01
  155.690  164.896  173.611   52.825   52.599   31.257   23.874   25.000     30.395       82.360  -3.124e+01
node =     29, position =  140.0 [m]------------------------------------------------------
  157.663  164.896  173.611   52.825   52.599   31.257   23.874   25.000     30.395       82.360  -3.124e+01
  157.663  166.803  175.505   53.006   52.775   31.269   23.874   25.000     31.145       82.862  -3.149e+01
node =     30, position =  145.0 [m]------------------------------------------------------
  159.630  166.803  175.505   53.007   52.776   31.269   23.874   25.000     31.149       82.865  -3.149e+01
  159.630  168.706  177.395   53.191   52.954   31.280   23.874   25.000     31.909       83.374  -3.174e+01
node =     31, position =  150.0 [m]------------------------------------------------------
  161.592  168.706  177.395   53.192   52.955   31.280   23.874   25.000     31.914       83.377  -3.174e+01
  161.592  170.605  179.280   53.378   53.135   31.292   23.874   25.000     32.684       83.892  -3.199e+01
  161.592  170.605  179.280   53.379   53.136   31.292   23.874   25.000     32.688       83.895  -3.200e+01
node =     32, position =  155.0 [m]------------------------------------------------------
  163.547  170.605  179.280   53.379   53.136   31.292   23.874   25.000     32.688       83.895  -3.200e+01
  163.547  172.500  181.161   53.568   53.319   31.303   23.875   25.000     33.469       84.417  -3.226e+01
node =     33, position =  160.0 [m]------------------------------------------------------
  165.496  172.500  181.161   53.569   53.320   31.304   23.875   25.000     33.474       84.420  -3.226e+01
  165.496  174.390  183.038   53.760   53.506   31.315   23.875   25.000     34.265       84.948  -3.252e+01
node =     34, position =  165.0 [m]------------------------------------------------------
  167.440  174.390  183.038   53.761   53.507   31.316   23.875   25.000     34.269       84.951  -3.252e+01
  167.440  176.276  184.911   53.955   53.695   31.328   23.875   25.000     35.071       85.486  -3.279e+01
node =     35, position =  170.0 [m]------------------------------------------------------
  169.378  176.276  184.911   53.956   53.696   31.328   23.875   25.000     35.076       85.489  -3.279e+01
  169.378  178.158  186.780   54.152   53.886   31.340   23.876   25.000     35.888       86.031  -3.306e+01
node =     36, position =  175.0 [m]------------------------------------------------------
  171.311  178.158  186.780   54.154   53.887   31.340   23.876   25.000     35.893       86.034  -3.306e+01
  171.311  180.035  188.644   54.352   54.080   31.353   23.876   25.000     36.716       86.583  -3.334e+01
  171.311  180.035  188.644   54.354   54.081   31.353   23.876   25.000     36.721       86.586  -3.334e+01
node =     37, position =  180.0 [m]------------------------------------------------------
  173.237  180.035  188.644   54.354   54.081   31.353   23.876   25.000     36.721       86.586  -3.334e+01
  173.237  181.908  190.504   54.555   54.276   31.365   23.876   25.000     37.555       87.141  -3.362e+01
node =     38, position =  185.0 [m]------------------------------------------------------
  175.159  181.908  190.504   54.556   54.277   31.365   23.876   25.000     37.560       87.144  -3.362e+01
  175.159  183.777  192.359   54.760   54.475   31.378   23.877   25.000     38.405       87.706  -3.390e+01
node =     39, position =  190.0 [m]------------------------------------------------------
  177.074  183.777  192.359   54.761   54.476   31.378   23.877   25.000     38.409       87.709  -3.390e+01
  177.074  185.642  194.210   54.968   54.677   31.391   23.877   25.000     39.265       88.279  -3.419e+01
node =     40, position =  195.0 [m]------------------------------------------------------
  178.984  185.642  194.210   54.969   54.678   31.391   23.877   25.000     39.270       88.282  -3.419e+01
  178.984  187.502  196.057   55.178   54.880   31.405   23.877   25.000     40.137       88.858  -3.448e+01
node =     41, position =  200.0 [m]------------------------------------------------------
  180.889  187.502  196.057   55.179   54.882   31.405   23.878   25.000     40.142       88.861  -3.448e+01
  180.889  189.357  197.900   55.391   55.087   31.418   23.878   25.000     41.020       89.443  -3.478e+01
node =     42, position =  205.0 [m]------------------------------------------------------
  182.788  189.357  197.900   55.393   55.088   31.418   23.878   25.000     41.025       89.446  -3.478e+01
  182.788  191.209  199.738   55.607   55.296   31.432   23.878   25.000     41.914       90.036  -3.508e+01
node =     43, position =  210.0 [m]------------------------------------------------------
  184.682  191.209  199.738   55.608   55.297   31.432   23.878   25.000     41.919       90.039  -3.508e+01
  184.682  193.056  201.572   55.826   55.508   31.446   23.879   25.000     42.820       90.636  -3.539e+01
node =     44, position =  215.0 [m]------------------------------------------------------
  186.571  193.056  201.572   55.827   55.509   31.446   23.879   25.000     42.824       90.639  -3.539e+01
  186.571  194.898  203.402   56.047   55.722   31.460   23.879   25.000     43.737       91.243  -3.570e+01
node =     45, position =  220.0 [m]------------------------------------------------------
  188.454  194.898  203.402   56.048   55.723   31.460   23.879   25.000     43.741       91.246  -3.570e+01
  188.454  196.737  205.228   56.270   55.939   31.474   23.879   25.000     44.665       91.857  -3.601e+01
node =     46, position =  225.0 [m]------------------------------------------------------
  190.332  196.737  205.228   56.272   55.940   31.474   23.879   25.000     44.670       91.860  -3.601e+01
  190.332  198.571  207.049   56.497   56.159   31.488   23.880   25.000     45.605       92.478  -3.633e+01
  190.332  198.571  207.049   56.498   56.160   31.488   23.880   25.000     45.610       92.481  -3.633e+01
node =     47, position =  230.0 [m]------------------------------------------------------
  192.204  198.571  207.049   56.498   56.160   31.488   23.880   25.000     45.610       92.481  -3.633e+01
  192.204  200.400  208.866   56.726   56.381   31.503   23.880   25.000     46.556       93.106  -3.665e+01
node =     48, position =  235.0 [m]------------------------------------------------------
  194.072  200.400  208.866   56.727   56.382   31.503   23.880   25.000     46.561       93.109  -3.666e+01
  194.072  202.226  210.678   56.958   56.606   31.518   23.881   25.000     47.520       93.741  -3.698e+01
node =     49, position =  240.0 [m]------------------------------------------------------
  195.934  202.226  210.678   56.960   56.607   31.518   23.881   25.000     47.525       93.745  -3.698e+01
  195.934  204.047  212.486   57.193   56.833   31.533   23.881   25.000     48.495       94.384  -3.731e+01
node =     50, position =  245.0 [m]------------------------------------------------------
  197.791  204.047  212.486   57.194   56.834   31.533   23.881   25.000     48.500       94.387  -3.732e+01
  197.791  205.863  214.290   57.431   57.064   31.548   23.881   25.000     49.482       95.034  -3.765e+01
node =     51, position =  250.0 [m]------------------------------------------------------
  199.643  205.863  214.290   57.432   57.065   31.548   23.881   25.000     49.487       95.037  -3.765e+01
  199.643  207.676  216.090   57.671   57.297   31.564   23.882   25.000     50.481       95.691  -3.799e+01
node =     52, position =  255.0 [m]------------------------------------------------------
  201.490  207.676  216.090   57.673   57.298   31.564   23.882   25.000     50.486       95.694  -3.799e+01
  201.490  209.484  217.885   57.915   57.533   31.580   23.882   25.000     51.492       96.355  -3.834e+01
node =     53, position =  260.0 [m]------------------------------------------------------
  203.331  209.484  217.885   57.916   57.534   31.580   23.882   25.000     51.496       96.358  -3.834e+01
  203.331  211.288  219.677   58.161   57.771   31.595   23.883   25.000     52.515       97.026  -3.869e+01
node =     54, position =  265.0 [m]------------------------------------------------------
  205.168  211.288  219.677   58.162   57.772   31.596   23.883   25.000     52.520       97.029  -3.869e+01
  205.168  213.087  221.464   58.410   58.012   31.612   23.883   25.000     53.550       97.705  -3.905e+01
node =     55, position =  270.0 [m]------------------------------------------------------
  207.000  213.087  221.464   58.411   58.014   31.612   23.883   25.000     53.555       97.708  -3.905e+01
  207.000  214.882  223.246   58.662   58.257   31.628   23.884   25.000     54.597       98.391  -3.941e+01
  207.000  214.882  223.246   58.663   58.258   31.628   23.884   25.000     54.602       98.394  -3.941e+01
node =     56, position =  275.0 [m]------------------------------------------------------
  208.827  214.882  223.246   58.663   58.258   31.628   23.884   25.000     54.602       98.394  -3.941e+01
  208.827  216.673  225.025   58.916   58.503   31.645   23.884   25.000     55.657       99.085  -3.978e+01
node =     57, position =  280.0 [m]------------------------------------------------------
  210.649  216.673  225.025   58.918   58.505   31.645   23.884   25.000     55.662       99.088  -3.978e+01
  210.649  218.460  226.799   59.174   58.753   31.661   23.884   25.000     56.729       99.786  -4.015e+01
  210.649  218.460  226.799   59.175   58.754   31.662   23.884   25.000     56.734       99.789  -4.015e+01
node =     58, position =  285.0 [m]------------------------------------------------------
  212.466  218.460  226.799   59.175   58.754   31.662   23.884   25.000     56.734       99.789  -4.015e+01
  212.466  220.243  228.569   59.435   59.006   31.679   23.885   25.000     57.814      100.494  -4.052e+01
  212.466  220.243  228.569   59.436   59.007   31.679   23.885   25.000     57.819      100.497  -4.052e+01
node =     59, position =  290.0 [m]------------------------------------------------------
  214.278  220.243  228.569   59.436   59.007   31.679   23.885   25.000     57.819      100.497  -4.052e+01
  214.278  222.021  230.335   59.698   59.261   31.696   23.885   25.000     58.911      101.210  -4.090e+01
node =     60, position =  295.0 [m]------------------------------------------------------
  216.085  222.021  230.335   59.700   59.262   31.696   23.885   25.000     58.916      101.213  -4.091e+01
  216.085  223.795  232.096   59.965   59.519   31.713   23.886   25.000     60.021      101.933  -4.129e+01
  216.085  223.795  232.096   59.966   59.521   31.713   23.886   25.000     60.026      101.937  -4.129e+01
node =     61, position =  300.0 [m]------------------------------------------------------
  217.887  223.795  232.096   59.966   59.521   31.713   23.886   25.000     60.026      101.937  -4.129e+01
  217.887  225.565  233.854   60.234   59.781   31.731   23.886   25.000     61.144      102.664  -4.168e+01
node =     62, position =  305.0 [m]------------------------------------------------------
  219.685  225.565  233.854   60.236   59.782   31.731   23.886   25.000     61.149      102.667  -4.168e+01
  219.685  227.331  235.607   60.507   60.045   31.749   23.887   25.000     62.279      103.403  -4.208e+01
  219.685  227.331  235.607   60.508   60.046   31.749   23.887   25.000     62.284      103.406  -4.208e+01
node =     63, position =  310.0 [m]------------------------------------------------------
  221.478  227.331  235.607   60.508   60.046   31.749   23.887   25.000     62.284      103.406  -4.208e+01
  221.478  229.092  237.356   60.782   60.312   31.767   23.887   25.000     63.428      104.148  -4.248e+01
  221.478  229.092  237.356   60.784   60.313   31.767   23.887   25.000     63.433      104.152  -4.248e+01
node =     64, position =  315.0 [m]------------------------------------------------------
  223.266  229.092  237.356   60.784   60.313   31.767   23.887   25.000     63.433      104.152  -4.248e+01
  223.266  230.849  239.101   61.061   60.582   31.786   23.888   25.000     64.589      104.902  -4.289e+01
node =     65, position =  320.0 [m]------------------------------------------------------
  225.050  230.849  239.101   61.062   60.583   31.786   23.888   25.000     64.594      104.905  -4.289e+01
  225.050  232.602  240.842   61.342   60.854   31.805   23.888   25.000     65.763      105.663  -4.330e+01
node =     66, position =  325.0 [m]------------------------------------------------------
  226.828  232.602  240.842   61.344   60.856   31.805   23.888   25.000     65.769      105.666  -4.331e+01
  226.828  234.351  242.578   61.627   61.130   31.824   23.889   25.000     66.951      106.432  -4.372e+01
node =     67, position =  330.0 [m]------------------------------------------------------
  228.602  234.351  242.578   61.628   61.131   31.824   23.889   25.000     66.956      106.435  -4.372e+01
  228.602  236.096  244.311   61.915   61.409   31.843   23.889   25.000     68.152      107.208  -4.415e+01
  228.602  236.096  244.311   61.916   61.410   31.843   23.889   25.000     68.157      107.211  -4.415e+01
node =     68, position =  335.0 [m]------------------------------------------------------
  230.372  236.096  244.311   61.916   61.410   31.843   23.889   25.000     68.157      107.211  -4.415e+01
  230.372  237.837  246.039   62.205   61.691   31.862   23.890   25.000     69.365      107.992  -4.458e+01
node =     69, position =  340.0 [m]------------------------------------------------------
  232.137  237.837  246.039   62.207   61.692   31.862   23.890   25.000     69.371      107.995  -4.458e+01
  232.137  239.573  247.763   62.499   61.975   31.882   23.890   25.000     70.593      108.784  -4.501e+01
node =     70, position =  345.0 [m]------------------------------------------------------
  233.897  239.573  247.763   62.501   61.977   31.882   23.890   25.000     70.598      108.787  -4.501e+01
  233.897  241.306  249.484   62.796   62.263   31.902   23.891   25.000     71.833      109.583  -4.545e+01
  233.897  241.306  249.484   62.798   62.264   31.902   23.891   25.000     71.839      109.587  -4.546e+01
node =     71, position =  350.0 [m]------------------------------------------------------
  235.653  241.306  249.484   62.798   62.264   31.902   23.891   25.000     71.839      109.587  -4.546e+01
  235.653  243.034  251.200   63.096   62.554   31.922   23.892   25.000     73.088      110.390  -4.590e+01
  235.653  243.034  251.200   63.098   62.555   31.922   23.892   25.000     73.093      110.394  -4.590e+01
node =     72, position =  355.0 [m]------------------------------------------------------
  237.404  243.034  251.200   63.098   62.555   31.922   23.892   25.000     73.093      110.394  -4.590e+01
  237.404  244.758  252.912   63.400   62.848   31.943   23.892   25.000     74.355      111.205  -4.635e+01
  237.404  244.758  252.912   63.401   62.849   31.943   23.892   25.000     74.361      111.209  -4.636e+01
node =     73, position =  360.0 [m]------------------------------------------------------
  239.151  244.758  252.912   63.401   62.849   31.943   23.892   25.000     74.361      111.209  -4.636e+01
  239.151  246.479  254.620   63.706   63.145   31.964   23.893   25.000     75.637      112.028  -4.681e+01
node =     74, position =  365.0 [m]------------------------------------------------------
  240.893  246.479  254.620   63.707   63.146   31.964   23.893   25.000     75.642      112.031  -4.681e+01
  240.893  248.195  256.324   64.015   63.444   31.985   23.893   25.000     76.932      112.858  -4.728e+01
node =     75, position =  370.0 [m]------------------------------------------------------
  242.631  248.195  256.324   64.017   63.446   31.985   23.893   25.000     76.937      112.861  -4.728e+01
  242.631  249.907  258.024   64.328   63.747   32.006   23.894   25.000     78.241      113.696  -4.775e+01
  242.631  249.907  258.024   64.329   63.749   32.006   23.894   25.000     78.246      113.700  -4.775e+01
node =     76, position =  375.0 [m]------------------------------------------------------
  244.364  249.907  258.024   64.329   63.749   32.006   23.894   25.000     78.246      113.700  -4.775e+01
  244.364  251.615  259.720   64.644   64.054   32.028   23.894   25.000     79.564      114.542  -4.822e+01
  244.364  251.615  259.720   64.645   64.055   32.028   23.894   25.000     79.569      114.546  -4.823e+01
node =     77, position =  380.0 [m]------------------------------------------------------
  246.093  251.615  259.720   64.645   64.055   32.028   23.894   25.000     79.569      114.546  -4.823e+01
  246.093  253.319  261.412   64.963   64.363   32.050   23.895   25.000     80.901      115.396  -4.871e+01
  246.093  253.319  261.412   64.964   64.364   32.050   23.895   25.000     80.906      115.399  -4.871e+01
node =     78, position =  385.0 [m]------------------------------------------------------
  247.818  253.319  261.412   64.964   64.364   32.050   23.895   25.000     80.906      115.399  -4.871e+01
  247.818  255.019  263.100   65.285   64.675   32.072   23.896   25.000     82.251      116.258  -4.920e+01
  247.818  255.019  263.100   65.287   64.676   32.072   23.896   25.000     82.257      116.261  -4.920e+01
node =     79, position =  390.0 [m]------------------------------------------------------
  249.538  255.019  263.100   65.287   64.676   32.072   23.896   25.000     82.257      116.261  -4.920e+01
  249.538  256.715  264.784   65.611   64.990   32.094   23.896   25.000     83.616      117.127  -4.969e+01
node =     80, position =  395.0 [m]------------------------------------------------------
  251.254  256.715  264.784   65.612   64.992   32.094   23.896   25.000     83.622      117.130  -4.969e+01
  251.254  258.407  266.464   65.940   65.309   32.117   23.897   25.000     84.995      118.004  -5.019e+01
node =     81, position =  400.0 [m]------------------------------------------------------
  252.965  258.407  266.464   65.941   65.310   32.117   23.897   25.000     85.001      118.007  -5.020e+01
  252.965  260.095  268.140   66.272   65.631   32.140   23.897   25.000     86.389      118.889  -5.070e+01
  252.965  260.095  268.140   66.273   65.632   32.140   23.897   25.000     86.394      118.893  -5.070e+01
node =     82, position =  405.0 [m]------------------------------------------------------
  254.673  260.095  268.140   66.273   65.632   32.140   23.897   25.000     86.394      118.893  -5.070e+01
  254.673  261.779  269.812   66.607   65.955   32.163   23.898   25.000     87.796      119.782  -5.122e+01
  254.673  261.779  269.812   66.608   65.957   32.163   23.898   25.000     87.802      119.785  -5.122e+01
node =     83, position =  410.0 [m]------------------------------------------------------
  256.376  261.779  269.812   66.608   65.957   32.163   23.898   25.000     87.802      119.785  -5.122e+01
  256.376  263.459  271.480   66.946   66.283   32.187   23.899   25.000     89.218      120.683  -5.174e+01
node =     84, position =  415.0 [m]------------------------------------------------------
  258.074  263.459  271.480   66.947   66.285   32.187   23.899   25.000     89.224      120.686  -5.174e+01
  258.074  265.136  273.144   67.287   66.615   32.211   23.899   25.000     90.655      121.592  -5.227e+01
node =     85, position =  420.0 [m]------------------------------------------------------
  259.769  265.136  273.144   67.289   66.616   32.211   23.899   25.000     90.660      121.595  -5.227e+01
  259.769  266.808  274.805   67.633   66.949   32.235   23.900   25.000     92.106      122.508  -5.280e+01
  259.769  266.808  274.805   67.634   66.950   32.235   23.900   25.000     92.111      122.512  -5.280e+01
node =     86, position =  425.0 [m]------------------------------------------------------
  261.459  266.808  274.805   67.634   66.950   32.235   23.900   25.000     92.111      122.512  -5.280e+01
  261.459  268.476  276.461   67.981   67.287   32.260   23.901   25.000     93.571      123.433  -5.334e+01
  261.459  268.476  276.461   67.982   67.288   32.260   23.901   25.000     93.577      123.436  -5.334e+01
node =     87, position =  430.0 [m]------------------------------------------------------
  263.145  268.476  276.461   67.982   67.288   32.260   23.901   25.000     93.577      123.436  -5.334e+01
  263.145  270.141  278.114   68.333   67.627   32.284   23.901   25.000     95.052      124.365  -5.389e+01
  263.145  270.141  278.114   68.334   67.629   32.285   23.901   25.000     95.057      124.368  -5.389e+01
node =     88, position =  435.0 [m]------------------------------------------------------
  264.827  270.141  278.114   68.334   67.629   32.285   23.901   25.000     95.057      124.368  -5.389e+01
  264.827  271.801  279.763   68.688   67.971   32.310   23.902   25.000     96.547      125.305  -5.444e+01
node =     89, position =  440.0 [m]------------------------------------------------------
  266.504  271.801  279.763   68.689   67.973   32.310   23.902   25.000     96.552      125.309  -5.445e+01
  266.504  273.458  281.407   69.046   68.319   32.335   23.903   25.000     98.056      126.254  -5.501e+01
node =     90, position =  445.0 [m]------------------------------------------------------
  268.178  273.458  281.407   69.048   68.320   32.335   23.903   25.000     98.062      126.257  -5.501e+01
  268.178  275.111  283.048   69.408   68.669   32.361   23.903   25.000     99.581      127.210  -5.557e+01
  268.178  275.111  283.048   69.409   68.670   32.361   23.903   25.000     99.587      127.213  -5.558e+01
node =     91, position =  450.0 [m]------------------------------------------------------
  269.847  275.111  283.048   69.409   68.670   32.361   23.903   25.000     99.587      127.213  -5.558e+01
  269.847  276.760  284.686   69.773   69.023   32.387   23.904   25.000    101.121      128.174  -5.615e+01
  269.847  276.760  284.686   69.775   69.024   32.387   23.904   25.000    101.126      128.177  -5.615e+01
node =     92, position =  455.0 [m]------------------------------------------------------
  271.513  276.760  284.686   69.775   69.024   32.387   23.904   25.000    101.126      128.177  -5.615e+01
  271.513  278.405  286.319   70.142   69.380   32.413   23.905   25.000    102.675      129.145  -5.673e+01
node =     93, position =  460.0 [m]------------------------------------------------------
  273.174  278.405  286.319   70.143   69.381   32.413   23.905   25.000    102.681      129.149  -5.674e+01
  273.174  280.046  287.948   70.514   69.740   32.440   23.906   25.000    104.245      130.125  -5.732e+01
node =     94, position =  465.0 [m]------------------------------------------------------
  274.831  280.046  287.948   70.515   69.741   32.440   23.906   25.000    104.251      130.129  -5.733e+01
  274.831  281.684  289.574   70.889   70.104   32.467   23.906   25.000    105.830      131.113  -5.792e+01
node =     95, position =  470.0 [m]------------------------------------------------------
  276.484  281.684  289.574   70.890   70.105   32.467   23.906   25.000    105.836      131.116  -5.792e+01
  276.484  283.318  291.196   71.268   70.471   32.494   23.907   25.000    107.430      132.109  -5.852e+01
node =     96, position =  475.0 [m]------------------------------------------------------
  278.133  283.318  291.196   71.269   70.472   32.495   23.907   25.000    107.436      132.112  -5.853e+01
  278.133  284.948  292.814   71.650   70.841   32.522   23.908   25.000    109.046      133.112  -5.914e+01
  278.133  284.948  292.814   71.651   70.842   32.522   23.908   25.000    109.052      133.115  -5.914e+01
node =     97, position =  480.0 [m]------------------------------------------------------
  279.778  284.948  292.814   71.651   70.842   32.522   23.908   25.000    109.052      133.115  -5.914e+01
  279.778  286.574  294.429   72.036   71.214   32.550   23.909   25.000    110.677      134.124  -5.976e+01
node =     98, position =  485.0 [m]------------------------------------------------------
  281.419  286.574  294.429   72.037   71.215   32.550   23.909   25.000    110.682      134.127  -5.976e+01
  281.419  288.196  296.039   72.425   71.591   32.579   23.909   25.000    112.323      135.143  -6.038e+01
node =     99, position =  490.0 [m]------------------------------------------------------
  283.056  288.196  296.039   72.426   71.592   32.579   23.909   25.000    112.329      135.146  -6.039e+01
  283.056  289.815  297.646   72.817   71.971   32.607   23.910   25.000    113.985      136.170  -6.102e+01
node =    100, position =  495.0 [m]------------------------------------------------------
  284.690  289.815  297.646   72.818   71.972   32.607   23.910   25.000    113.990      136.173  -6.102e+01
  284.690  291.430  299.249   73.213   72.354   32.636   23.911   25.000    115.662      137.205  -6.166e+01
node =    101, position =  500.0 [m]------------------------------------------------------
  286.319  291.430  299.249   73.214   72.356   32.637   23.911   25.000    115.668      137.208  -6.166e+01
  286.319  293.041  300.849   73.612   72.741   32.666   23.912   25.000    117.355      138.248  -6.231e+01
  286.319  293.041  300.849   73.613   72.742   32.666   23.912   25.000    117.361      138.251  -6.231e+01
