  node   position        T1       T2       T3       T4       T5       T6       T7       T8       T9      T10      T11         h12   q1_2_conv  q2_3_cond  q3_4_conv   q3_4_rad  q4_5_cond  q5_10_conv   q5_6_conv    q5_rad    q6_rad   q10_rad  q6_10_conv  q6_7_cond  q7_8_rad  q7_8_conv  q8_9_cond  q9_10_conv  q9_11_rad  q3_SolAbs  q5_SolAbs  q6_SolAbs  q9_SolAbs    q_HL_ext   q_HL_int  q_HL_corr    diff_HL        p_htf        h_htf        x_htf    T1_evap    rho_htf        v_htf
     1      0.000   100.000  111.954  121.048   48.772   48.670   31.011   31.011   29.764   23.867   25.000   17.000    1541.311    3820.329   3820.329      0.000     13.670     13.670      71.066       0.000   -25.807     3.475    22.333      57.887      5.587     4.847      0.741      5.587     -25.902     36.490   3834.000     83.203     60.000      5.000     161.873     13.670     18.459     -4.789   5.0000e+05    145262.88   -9.900e+01    -99.000    997.898      1.46456
     2      5.000   102.152  113.954  123.034   48.893   48.788   31.018   31.018   29.770   23.867   25.000   17.000    1560.984    3819.827   3819.827      0.000     14.173     14.173      71.408       0.000   -25.968     3.550    22.418      57.957      5.593     4.852      0.742      5.593     -25.898     36.491   3834.000     83.203     60.000      5.000     162.376     14.173     18.833     -4.660   4.9791e+05    149083.21   -9.900e+01    -99.000    996.127      1.46716
     3     10.000   104.297  115.953  125.018   49.017   48.909   31.026   31.025   29.776   23.867   25.000   17.000    1580.408    3819.316   3819.316      0.000     14.684     14.684      71.755       0.000   -26.131     3.626    22.505      58.028      5.599     4.857      0.742      5.599     -25.893     36.492   3834.000     83.203     60.000      5.000     162.887     14.684     19.210     -4.527   4.9582e+05    152903.04   -9.900e+01    -99.000    994.363      1.46976
     4     15.000   106.435  117.949  127.000   49.144   49.031   31.033   31.033   29.782   23.867   25.000   17.000    1599.584    3818.797   3818.797      0.000     15.203     15.203      72.108       0.000   -26.298     3.704    22.594      58.100      5.605     4.862      0.743      5.605     -25.888     36.493   3834.000     83.203     60.000      5.000     163.406     15.203     19.593     -4.390   4.9374e+05    156722.35   -9.900e+01    -99.000    992.605      1.47237
     5     20.000   108.565  119.943  128.979   49.272   49.155   31.041   31.041   29.789   23.868   25.000   17.000    1618.516    3818.269   3818.269      0.000     15.731     15.731      72.467       0.000   -26.467     3.783    22.684      58.173      5.610     4.867      0.744      5.610     -25.884     36.494   3834.000     83.203     60.000      5.000     163.934     15.731     19.979     -4.248   4.9165e+05    160541.15   -9.900e+01    -99.000    990.854      1.47497
     6     25.000   110.688  121.935  130.956   49.402   49.281   31.049   31.048   29.795   23.868   25.000   17.000    1637.206    3817.732   3817.732      0.000     16.268     16.268      72.832       0.000   -26.639     3.864    22.775      58.247      5.616     4.872      0.744      5.616     -25.879     36.495   3834.000     83.203     60.000      5.000     164.471     16.268     20.371     -4.103   4.8956e+05    164359.42   -9.900e+01    -99.000    989.109      1.47757
     7     30.000   112.804  123.924  132.931   49.534   49.409   31.057   31.056   29.802   23.868   25.000   17.000    1655.657    3817.187   3817.187      0.000     16.813     16.813      73.202       0.000   -26.814     3.946    22.869      58.323      5.623     4.877      0.745      5.623     -25.874     36.496   3834.000     83.203     60.000      5.000     165.016     16.813     20.767     -3.954   4.8746e+05    168177.15   -9.900e+01    -99.000    987.369      1.48017
     8     35.000   114.913  125.910  134.903   49.669   49.540   31.065   31.064   29.809   23.868   25.000   17.000    1673.872    3816.633   3816.633      0.000     17.367     17.367      73.578       0.000   -26.993     4.029    22.964      58.400      5.629     4.883      0.746      5.629     -25.869     36.498   3834.000     83.203     60.000      5.000     165.570     17.367     21.168     -3.800   4.8537e+05    171994.34   -9.900e+01    -99.000    985.636      1.48278
     9     40.000   117.015  127.893  136.872   49.805   49.672   31.073   31.073   29.816   23.869   25.000   17.000    1691.852    3816.070   3816.070      0.000     17.930     17.930      73.959       0.000   -27.174     4.114    23.060      58.479      5.635     4.888      0.747      5.635     -25.864     36.499   3834.000     83.203     60.000      5.000     166.133     17.930     21.573     -3.643   4.8328e+05    175810.97   -9.900e+01    -99.000    983.907      1.48538
    10     45.000   119.110  129.874  138.838   49.944   49.807   31.081   31.081   29.823   23.869   25.000   17.000    1709.602    3815.498   3815.498      0.000     18.502     18.502      74.347       0.000   -27.358     4.200    23.158      58.558      5.642     4.894      0.748      5.642     -25.859     36.500   3834.000     83.203     60.000      5.000     166.705     18.502     21.984     -3.482   4.8118e+05    179627.04   -9.900e+01    -99.000    982.184      1.48799
    11     50.000   121.198  131.851  140.801   50.085   49.943   31.090   31.090   29.830   23.869   25.000   17.000    1727.123    3814.917   3814.917      0.000     19.083     19.083      74.740       0.000   -27.546     4.288    23.258      58.640      5.648     4.900      0.748      5.648     -25.853     36.501   3834.000     83.203     60.000      5.000     167.286     19.083     22.400     -3.317   4.7908e+05    183442.54   -9.900e+01    -99.000    980.466      1.49059
    12     55.000   123.279  133.825  142.761   50.228   50.082   31.098   31.098   29.837   23.869   25.000   17.000    1744.419    3814.327   3814.327      0.000     19.673     19.673      75.140       0.000   -27.736     4.377    23.359      58.722      5.655     4.906      0.749      5.655     -25.848     36.503   3834.000     83.203     60.000      5.000     167.876     19.673     22.821     -3.148   4.7698e+05    187257.46   -9.900e+01    -99.000    978.753      1.49320
    13     60.000   125.353  135.795  144.717   50.373   50.223   31.107   31.107   29.844   23.869   25.000   17.000    1761.492    3813.728   3813.728      0.000     20.272     20.272      75.545       0.000   -27.930     4.467    23.463      58.806      5.661     4.911      0.750      5.661     -25.842     36.504   3834.000     83.203     60.000      5.000     168.475     20.272     23.247     -2.976   4.7488e+05    191071.78   -9.900e+01    -99.000    977.045      1.49581
    14     65.000   127.421  137.762  146.670   50.520   50.365   31.116   31.116   29.852   23.870   25.000   17.000    1778.346    3813.120   3813.120      0.000     20.880     20.880      75.956       0.000   -28.127     4.559    23.567      58.891      5.668     4.917      0.751      5.668     -25.837     36.505   3834.000     83.203     60.000      5.000     169.083     20.880     23.679     -2.799   4.7278e+05    194885.51   -9.900e+01    -99.000    975.342      1.49843
    15     70.000   129.482  139.725  148.619   50.670   50.511   31.125   31.125   29.860   23.870   25.000   17.000    1794.983    3812.503   3812.503      0.000     21.497     21.497      76.373       0.000   -28.327     4.653    23.674      58.978      5.675     4.924      0.752      5.675     -25.831     36.507   3834.000     83.203     60.000      5.000     169.700     21.497     24.117     -2.619   4.7068e+05    198698.63   -9.900e+01    -99.000    973.643      1.50104
    16     75.000   131.536  141.685  150.565   50.822   50.658   31.134   31.134   29.867   23.870   25.000   17.000    1811.405    3811.876   3811.876      0.000     22.124     22.124      76.797       0.000   -28.530     4.748    23.782      59.066      5.682     4.930      0.753      5.682     -25.826     36.508   3834.000     83.203     60.000      5.000     170.327     22.124     24.560     -2.436   4.6857e+05    202511.13   -9.900e+01    -99.000    971.948      1.50366
    17     80.000   133.584  143.641  152.507   50.976   50.807   31.144   31.144   29.875   23.870   25.000   17.000    1827.616    3811.240   3811.240      0.000     22.760     22.760      77.226       0.000   -28.737     4.845    23.892      59.155      5.690     4.936      0.754      5.690     -25.820     36.509   3834.000     83.203     60.000      5.000     170.963     22.760     25.009     -2.249   4.6646e+05    206323.01   -9.900e+01    -99.000    970.257      1.50628
    18     85.000   135.625  145.593  154.446   51.132   50.959   31.153   31.153   29.883   23.871   25.000   17.000    1843.618    3810.594   3810.594      0.000     23.405     23.405      77.662       0.000   -28.947     4.943    24.004      59.246      5.697     4.943      0.754      5.697     -25.814     36.511   3834.000     83.203     60.000      5.000     171.609     23.405     25.464     -2.058   4.6435e+05    210134.25   -9.900e+01    -99.000    968.570      1.50890
    19     90.000   137.660  147.542  156.380   51.291   51.113   31.163   31.163   29.891   23.871   25.000   17.000    1859.415    3809.939   3809.939      0.000     24.060     24.060      78.103       0.000   -29.160     5.043    24.118      59.338      5.704     4.949      0.755      5.704     -25.808     36.512   3834.000     83.203     60.000      5.000     172.264     24.060     25.925     -1.864   4.6224e+05    213944.84   -9.900e+01    -99.000    966.887      1.51153
    20     95.000   139.688  149.486  158.311   51.452   51.269   31.173   31.173   29.899   23.871   25.000   17.000    1875.009    3809.275   3809.275      0.000     24.725     24.725      78.551       0.000   -29.377     5.144    24.233      59.432      5.712     4.956      0.756      5.712     -25.802     36.514   3834.000     83.203     60.000      5.000     172.928     24.725     26.392     -1.667   4.6013e+05    217754.78   -9.900e+01    -99.000    965.208      1.51416
    21    100.000   141.710  151.427  160.237   51.615   51.427   31.183   31.183   29.908   23.871   25.000   17.000    1890.402    3808.601   3808.601      0.000     25.399     25.399      79.005       0.000   -29.597     5.247    24.351      59.527      5.720     4.962      0.757      5.720     -25.796     36.515   3834.000     83.203     60.000      5.000     173.602     25.399     26.865     -1.466   4.5801e+05    221564.06   -9.900e+01    -99.000    963.533      1.51679
    22    105.000   143.726  153.363  162.160   51.781   51.587   31.193   31.193   29.916   23.872   25.000   17.000    1905.598    3807.917   3807.917      0.000     26.083     26.083      79.465       0.000   -29.821     5.351    24.470      59.624      5.727     4.969      0.758      5.727     -25.789     36.517   3834.000     83.203     60.000      5.000     174.286     26.083     27.345     -1.262   4.5589e+05    225372.66   -9.900e+01    -99.000    961.860      1.51943
    23    110.000   145.735  155.296  164.079   51.949   51.750   31.203   31.203   29.925   23.872   25.000   17.000    1920.598    3807.223   3807.223      0.000     26.777     26.777      79.932       0.000   -30.048     5.458    24.591      59.722      5.735     4.976      0.759      5.735     -25.783     36.518   3834.000     83.203     60.000      5.000     174.980     26.777     27.832     -1.055   4.5377e+05    229180.57   -9.900e+01    -99.000    960.191      1.52207
    24    115.000   147.738  157.224  165.993   52.119   51.915   31.214   31.214   29.934   23.872   25.000   17.000    1935.407    3806.519   3806.519      0.000     27.481     27.481      80.405       0.000   -30.279     5.565    24.714      59.822      5.743     4.983      0.760      5.743     -25.776     36.520   3834.000     83.203     60.000      5.000     175.684     27.481     28.325     -0.844   4.5165e+05    232987.80   -9.900e+01    -99.000    958.525      1.52472
    25    120.000   149.736  159.148  167.904   52.292   52.083   31.224   31.224   29.943   23.873   25.000   17.000    1950.026    3805.806   3805.806      0.000     28.194     28.194      80.884       0.000   -30.513     5.675    24.838      59.923      5.752     4.990      0.761      5.752     -25.770     36.521   3834.000     83.203     60.000      5.000     176.397     28.194     28.825     -0.631   4.4952e+05    236794.32   -9.900e+01    -99.000    956.862      1.52736
    26    125.000   151.727  161.068  169.810   52.467   52.252   31.235   31.235   29.952   23.873   25.000   17.000    1964.458    3805.082   3805.082      0.000     28.918     28.918      81.370       0.000   -30.751     5.786    24.965      60.026      5.760     4.998      0.762      5.760     -25.763     36.523   3834.000     83.203     60.000      5.000     177.121     28.918     29.331     -0.414   4.4740e+05    240600.12   -9.900e+01    -99.000    955.202      1.53002
    27    130.000   153.711  162.984  171.713   52.645   52.425   31.246   31.246   29.961   23.873   25.000   17.000    1978.706    3804.348   3804.348      0.000     29.651     29.651      81.862       0.000   -30.993     5.899    25.094      60.131      5.768     5.005      0.763      5.768     -25.756     36.525   3834.000     83.203     60.000      5.000     177.854     29.651     29.845     -0.194   4.4527e+05    244405.20   -9.900e+01    -99.000    953.545      1.53268
    28    135.000   155.690  164.896  173.611   52.825   52.599   31.257   31.257   29.970   23.874   25.000   17.000    1992.772    3803.605   3803.605      0.000     30.395     30.395      82.360       0.000   -31.238     6.014    25.225      60.237      5.777     5.013      0.764      5.777     -25.749     36.526   3834.000     83.203     60.000      5.000     178.598     30.395     30.366      0.029   4.4314e+05    248209.55   -9.900e+01    -99.000    951.890      1.53534
    29    140.000   157.663  166.803  175.505   53.007   52.776   31.269   31.268   29.980   23.874   25.000   17.000    2006.659    3802.851   3802.851      0.000     31.149     31.149      82.865       0.000   -31.487     6.130    25.357      60.344      5.786     5.020      0.765      5.786     -25.742     36.528   3834.000     83.203     60.000      5.000     179.352     31.149     30.894      0.255   4.4100e+05    252013.16   -9.900e+01    -99.000    950.238      1.53801
    30    145.000   159.630  168.706  177.395   53.192   52.955   31.280   31.280   29.989   23.874   25.000   17.000    2020.369    3802.086   3802.086      0.000     31.914     31.914      83.377       0.000   -31.740     6.248    25.492      60.454      5.794     5.028      0.766      5.794     -25.735     36.530   3834.000     83.203     60.000      5.000     180.117     31.914     31.430      0.484   4.3886e+05    255816.01   -9.900e+01    -99.000    948.588      1.54069
    31    150.000   161.592  170.605  179.280   53.379   53.136   31.292   31.292   29.999   23.874   25.000   17.000    2033.905    3801.311   3801.311      0.000     32.688     32.688      83.895       0.000   -31.996     6.368    25.629      60.565      5.803     5.036      0.768      5.803     -25.728     36.531   3834.000     83.203     60.000      5.000     180.891     32.688     31.973      0.716   4.3672e+05    259618.09   -9.900e+01    -99.000    946.940      1.54337
    32    155.000   163.547  172.500  181.161   53.569   53.320   31.304   31.303   30.009   23.875   25.000   17.000    2047.269    3800.526   3800.526      0.000     33.474     33.474      84.420       0.000   -32.257     6.490    25.767      60.677      5.812     5.044      0.769      5.812     -25.721     36.533   3834.000     83.203     60.000      5.000     181.677     33.474     32.523      0.950   4.3458e+05    263419.41   -9.900e+01    -99.000    945.294      1.54606
    33    160.000   165.496  174.390  183.038   53.761   53.507   31.316   31.315   30.019   23.875   25.000   17.000    2060.463    3799.730   3799.730      0.000     34.269     34.269      84.951       0.000   -32.521     6.613    25.908      60.791      5.822     5.052      0.770      5.822     -25.713     36.535   3834.000     83.203     60.000      5.000     182.473     34.269     33.082      1.187   4.3244e+05    267219.93   -9.900e+01    -99.000    943.650      1.54875
    34    165.000   167.440  176.276  184.911   53.956   53.696   31.328   31.328   30.029   23.875   25.000   17.000    2073.491    3798.924   3798.924      0.000     35.076     35.076      85.489       0.000   -32.790     6.738    26.051      60.907      5.831     5.060      0.771      5.831     -25.706     36.537   3834.000     83.203     60.000      5.000     183.279     35.076     33.648      1.428   4.3029e+05    271019.66   -9.900e+01    -99.000    942.009      1.55145
    35    170.000   169.378  178.158  186.780   54.154   53.887   31.340   31.340   30.040   23.876   25.000   17.000    2086.354    3798.107   3798.107      0.000     35.893     35.893      86.034       0.000   -33.062     6.866    26.196      61.025      5.840     5.068      0.772      5.840     -25.698     36.539   3834.000     83.203     60.000      5.000     184.096     35.893     34.223      1.670   4.2814e+05    274818.59   -9.900e+01    -99.000    940.368      1.55415
    36    175.000   171.311  180.035  188.644   54.354   54.081   31.353   31.352   30.050   23.876   25.000   17.000    2099.055    3797.279   3797.279      0.000     36.721     36.721      86.586       0.000   -33.338     6.995    26.344      61.144      5.850     5.077      0.773      5.850     -25.690     36.541   3834.000     83.203     60.000      5.000     184.924     36.721     34.805      1.916   4.2598e+05    278616.69   -9.900e+01    -99.000    938.730      1.55687
    37    180.000   173.237  181.908  190.504   54.556   54.277   31.365   31.365   30.061   23.876   25.000   17.000    2111.596    3796.440   3796.440      0.000     37.560     37.560      87.144       0.000   -33.618     7.126    26.493      61.266      5.860     5.085      0.775      5.860     -25.683     36.542   3834.000     83.203     60.000      5.000     185.763     37.560     35.396      2.164   4.2383e+05    282413.97   -9.900e+01    -99.000    937.093      1.55959
    38    185.000   175.159  183.777  192.359   54.761   54.476   31.378   31.378   30.072   23.877   25.000   17.000    2123.979    3795.590   3795.590      0.000     38.409     38.409      87.709       0.000   -33.903     7.258    26.645      61.389      5.870     5.094      0.776      5.870     -25.675     36.544   3834.000     83.203     60.000      5.000     186.612     38.409     35.995      2.415   4.2167e+05    286210.41   -9.900e+01    -99.000    935.458      1.56231
    39    190.000   177.074  185.642  194.210   54.969   54.678   31.391   31.391   30.083   23.877   25.000   17.000    2136.207    3794.730   3794.730      0.000     39.270     39.270      88.282       0.000   -34.192     7.393    26.798      61.513      5.880     5.103      0.777      5.880     -25.666     36.546   3834.000     83.203     60.000      5.000     187.473     39.270     36.602      2.668   4.1951e+05    290006.00   -9.900e+01    -99.000    933.823      1.56505
    40    195.000   178.984  187.502  196.057   55.179   54.882   31.405   31.404   30.094   23.878   25.000   17.000    2148.282    3793.858   3793.858      0.000     40.142     40.142      88.861       0.000   -34.484     7.530    26.954      61.640      5.890     5.112      0.778      5.890     -25.658     36.548   3834.000     83.203     60.000      5.000     188.345     40.142     37.218      2.923   4.1734e+05    293800.73   -9.900e+01    -99.000    932.190      1.56779
    41    200.000   180.889  189.357  197.900   55.393   55.088   31.418   31.418   30.105   23.878   25.000   17.000    2160.205    3792.975   3792.975      0.000     41.025     41.025      89.446       0.000   -34.781     7.669    27.113      61.768      5.900     5.121      0.780      5.900     -25.650     36.550   3834.000     83.203     60.000      5.000     189.228     41.025     37.843      3.181   4.1517e+05    297594.59   -9.900e+01    -99.000    930.559      1.57054
    42    205.000   182.788  191.209  199.738   55.608   55.297   31.432   31.432   30.117   23.878   25.000   17.000    2171.980    3792.081   3792.081      0.000     41.919     41.919      90.039       0.000   -35.083     7.809    27.273      61.898      5.911     5.130      0.781      5.911     -25.641     36.552   3834.000     83.203     60.000      5.000     190.122     41.919     38.477      3.442   4.1300e+05    301387.56   -9.900e+01    -99.000    928.928      1.57330
    43    210.000   184.682  193.056  201.572   55.827   55.509   31.446   31.445   30.128   23.879   25.000   17.000    2183.608    3791.175   3791.175      0.000     42.824     42.824      90.639       0.000   -35.388     7.952    27.436      62.030      5.922     5.139      0.782      5.922     -25.633     36.554   3834.000     83.203     60.000      5.000     191.028     42.824     39.120      3.705   4.1083e+05    305179.65   -9.900e+01    -99.000    927.298      1.57606
    44    215.000   186.571  194.898  203.402   56.048   55.723   31.460   31.460   30.140   23.879   25.000   17.000    2195.091    3790.258   3790.258      0.000     43.741     43.741      91.246       0.000   -35.698     8.097    27.602      62.164      5.932     5.149      0.784      5.932     -25.624     36.556   3834.000     83.203     60.000      5.000     191.944     43.741     39.771      3.970   4.0865e+05    308970.82   -9.900e+01    -99.000    925.669      1.57883
    45    220.000   188.454  196.737  205.228   56.272   55.940   31.474   31.474   30.152   23.879   25.000   17.000    2206.432    3789.330   3789.330      0.000     44.670     44.670      91.860       0.000   -36.013     8.243    27.769      62.300      5.943     5.159      0.785      5.943     -25.615     36.559   3834.000     83.203     60.000      5.000     192.873     44.670     40.432      4.237   4.0647e+05    312761.08   -9.900e+01    -99.000    924.040      1.58162
    46    225.000   190.332  198.571  207.049   56.498   56.160   31.488   31.488   30.164   23.880   25.000   17.000    2217.632    3788.390   3788.390      0.000     45.610     45.610      92.481       0.000   -36.332     8.392    27.939      62.438      5.955     5.168      0.786      5.955     -25.606     36.561   3834.000     83.203     60.000      5.000     193.813     45.610     41.103      4.507   4.0429e+05    316550.41   -9.900e+01    -99.000    922.413      1.58441
    47    230.000   192.204  200.400  208.866   56.727   56.382   31.503   31.503   30.177   23.880   25.000   17.000    2228.693    3787.438   3787.438      0.000     46.561     46.561      93.109       0.000   -36.655     8.543    28.112      62.578      5.966     5.178      0.788      5.966     -25.597     36.563   3834.000     83.203     60.000      5.000     194.764     46.561     41.782      4.779   4.0211e+05    320338.80   -9.900e+01    -99.000    920.785      1.58721
    48    235.000   194.072  202.226  210.678   56.960   56.607   31.518   31.518   30.189   23.881   25.000   17.000    2239.618    3786.475   3786.475      0.000     47.525     47.525      93.745       0.000   -36.983     8.696    28.287      62.719      5.977     5.188      0.789      5.977     -25.588     36.565   3834.000     83.203     60.000      5.000     195.728     47.525     42.472      5.053   3.9992e+05    324126.24   -9.900e+01    -99.000    919.159      1.59002
    49    240.000   195.934  204.047  212.486   57.194   56.834   31.533   31.533   30.202   23.881   25.000   17.000    2250.408    3785.500   3785.500      0.000     48.500     48.500      94.387       0.000   -37.316     8.852    28.464      62.863      5.989     5.198      0.790      5.989     -25.579     36.567   3834.000     83.203     60.000      5.000     196.703     48.500     43.170      5.329   3.9772e+05    327912.71   -9.900e+01    -99.000    917.532      1.59284
    50    245.000   197.791  205.863  214.290   57.432   57.065   31.548   31.548   30.215   23.881   25.000   17.000    2261.066    3784.513   3784.513      0.000     49.487     49.487      95.037       0.000   -37.653     9.009    28.644      63.008      6.001     5.209      0.792      6.001     -25.569     36.570   3834.000     83.203     60.000      5.000     197.690     49.487     43.879      5.607   3.9553e+05    331698.21   -9.900e+01    -99.000    915.906      1.59566
    51    250.000   199.643  207.676  216.090   57.673   57.298   31.564   31.564   30.228   23.882   25.000   17.000    2271.593    3783.514   3783.514      0.000     50.486     50.486      95.694       0.000   -37.995     9.169    28.826      63.156      6.013     5.219      0.793      6.013     -25.559     36.572   3834.000     83.203     60.000      5.000     198.689     50.486     44.598      5.888   3.9333e+05    335482.73   -9.900e+01    -99.000    914.280      1.59850
    52    255.000   201.490  209.484  217.885   57.916   57.534   31.580   31.579   30.241   23.882   25.000   17.000    2281.991    3782.503   3782.503      0.000     51.496     51.496      96.358       0.000   -38.342     9.330    29.011      63.306      6.025     5.230      0.795      6.025     -25.550     36.574   3834.000     83.203     60.000      5.000     199.700     51.496     45.326      6.170   3.9113e+05    339266.24   -9.900e+01    -99.000    912.655      1.60135
    53    260.000   203.331  211.288  219.677   58.162   57.772   31.596   31.595   30.254   23.883   25.000   17.000    2292.262    3781.480   3781.480      0.000     52.520     52.520      97.029       0.000   -38.693     9.494    29.199      63.458      6.037     5.241      0.796      6.037     -25.540     36.577   3834.000     83.203     60.000      5.000     200.723     52.520     46.065      6.454   3.8892e+05    343048.74   -9.900e+01    -99.000    911.029      1.60421
    54    265.000   205.168  213.087  221.464   58.411   58.014   31.612   31.612   30.268   23.883   25.000   17.000    2302.407    3780.445   3780.445      0.000     53.555     53.555      97.708       0.000   -39.050     9.661    29.389      63.611      6.049     5.251      0.798      6.049     -25.530     36.579   3834.000     83.203     60.000      5.000     201.758     53.555     46.814      6.741   3.8672e+05    346830.22   -9.900e+01    -99.000    909.403      1.60707
    55    270.000   207.000  214.882  223.246   58.663   58.258   31.628   31.628   30.281   23.884   25.000   17.000    2312.430    3779.398   3779.398      0.000     54.602     54.602      98.394       0.000   -39.411     9.829    29.582      63.767      6.062     5.262      0.799      6.062     -25.520     36.582   3834.000     83.203     60.000      5.000     202.805     54.602     47.573      7.029   3.8450e+05    350610.67   -9.900e+01    -99.000    907.777      1.60995
    56    275.000   208.827  216.673  225.025   58.918   58.505   31.645   31.645   30.295   23.884   25.000   17.000    2322.330    3778.338   3778.338      0.000     55.662     55.662      99.088       0.000   -39.777    10.000    29.777      63.925      6.075     5.274      0.801      6.075     -25.509     36.584   3834.000     83.203     60.000      5.000     203.865     55.662     48.343      7.319   3.8229e+05    354390.07   -9.900e+01    -99.000    906.151      1.61284
    57    280.000   210.649  218.460  226.799   59.175   58.754   31.662   31.661   30.310   23.884   25.000   17.000    2332.111    3777.265   3777.265      0.000     56.734     56.734      99.789       0.000   -40.148    10.173    29.975      64.086      6.088     5.285      0.803      6.088     -25.499     36.587   3834.000     83.203     60.000      5.000     204.937     56.734     49.124      7.611   3.8007e+05    358168.40   -9.900e+01    -99.000    904.525      1.61574
    58    285.000   212.466  220.243  228.569   59.436   59.007   31.679   31.678   30.324   23.885   25.000   17.000    2341.774    3776.181   3776.181      0.000     57.819     57.819     100.497       0.000   -40.525    10.349    30.176      64.248      6.101     5.297      0.804      6.101     -25.488     36.589   3834.000     83.203     60.000      5.000     206.022     57.819     49.915      7.904   3.7785e+05    361945.67   -9.900e+01    -99.000    902.898      1.61865
    59    290.000   214.278  222.021  230.335   59.700   59.262   31.696   31.696   30.338   23.885   25.000   17.000    2351.320    3775.083   3775.083      0.000     58.916     58.916     101.213       0.000   -40.906    10.527    30.380      64.413      6.114     5.308      0.806      6.114     -25.478     36.592   3834.000     83.203     60.000      5.000     207.119     58.916     50.717      8.200   3.7563e+05    365721.85   -9.900e+01    -99.000    901.271      1.62157
    60    295.000   216.085  223.795  232.096   59.966   59.521   31.713   31.713   30.353   23.886   25.000   17.000    2360.751    3773.973   3773.973      0.000     60.026     60.026     101.937       0.000   -41.293    10.707    30.586      64.579      6.128     5.320      0.808      6.128     -25.467     36.594   3834.000     83.203     60.000      5.000     208.229     60.026     51.529      8.497   3.7340e+05    369496.93   -9.900e+01    -99.000    899.644      1.62451
    61    300.000   217.887  225.565  233.854   60.236   59.782   31.731   31.731   30.368   23.886   25.000   17.000    2370.069    3772.851   3772.851      0.000     61.149     61.149     102.667       0.000   -41.685    10.890    30.795      64.748      6.141     5.332      0.809      6.141     -25.456     36.597   3834.000     83.203     60.000      5.000     209.352     61.149     52.353      8.796   3.7117e+05    373270.91   -9.900e+01    -99.000    898.016      1.62745
    62    305.000   219.685  227.331  235.607   60.508   60.046   31.749   31.749   30.383   23.887   25.000   17.000    2379.276    3771.715   3771.715      0.000     62.284     62.284     103.406       0.000   -42.082    11.075    31.007      64.920      6.155     5.344      0.811      6.155     -25.445     36.600   3834.000     83.203     60.000      5.000     210.488     62.284     53.188      9.096   3.6893e+05    377043.76   -9.900e+01    -99.000    896.387      1.63041
    63    310.000   221.478  229.092  237.356   60.784   60.313   31.767   31.767   30.398   23.887   25.000   17.000    2388.373    3770.567   3770.567      0.000     63.433     63.433     104.152       0.000   -42.484    11.262    31.222      65.093      6.169     5.357      0.813      6.169     -25.433     36.602   3834.000     83.203     60.000      5.000     211.636     63.433     54.034      9.398   3.6669e+05    380815.47   -9.900e+01    -99.000    894.757      1.63338
    64    315.000   223.266  230.849  239.101   61.062   60.583   31.786   31.786   30.414   23.888   25.000   17.000    2397.362    3769.406   3769.406      0.000     64.594     64.594     104.905       0.000   -42.892    11.453    31.440      65.269      6.183     5.369      0.814      6.183     -25.422     36.605   3834.000     83.203     60.000      5.000     212.797     64.594     54.892      9.702   3.6445e+05    384586.04   -9.900e+01    -99.000    893.127      1.63636
    65    320.000   225.050  232.602  240.842   61.344   60.856   31.805   31.805   30.430   23.888   25.000   17.000    2406.244    3768.231   3768.231      0.000     65.769     65.769     105.666       0.000   -43.305    11.645    31.660      65.447      6.198     5.382      0.816      6.198     -25.410     36.608   3834.000     83.203     60.000      5.000     213.972     65.769     55.761     10.008   3.6220e+05    388355.45   -9.900e+01    -99.000    891.496      1.63935
    66    325.000   226.828  234.351  242.578   61.628   61.131   31.824   31.823   30.446   23.889   25.000   17.000    2415.020    3767.044   3767.044      0.000     66.956     66.956     106.435       0.000   -43.724    11.840    31.884      65.628      6.212     5.395      0.818      6.212     -25.398     36.611   3834.000     83.203     60.000      5.000     215.159     66.956     56.641     10.315   3.5995e+05    392123.68   -9.900e+01    -99.000    889.864      1.64236
    67    330.000   228.602  236.096  244.311   61.916   61.410   31.843   31.843   30.462   23.889   25.000   17.000    2423.693    3765.843   3765.843      0.000     68.157     68.157     107.211       0.000   -44.148    12.038    32.110      65.811      6.227     5.407      0.820      6.227     -25.386     36.614   3834.000     83.203     60.000      5.000     216.360     68.157     57.534     10.623   3.5770e+05    395890.72   -9.900e+01    -99.000    888.231      1.64538
    68    335.000   230.372  237.837  246.039   62.207   61.692   31.862   31.862   30.478   23.890   25.000   17.000    2432.264    3764.629   3764.629      0.000     69.371     69.371     107.995       0.000   -44.578    12.239    32.340      65.996      6.242     5.421      0.822      6.242     -25.374     36.617   3834.000     83.203     60.000      5.000     217.574     69.371     58.438     10.933   3.5544e+05    399656.56   -9.900e+01    -99.000    886.597      1.64841
    69    340.000   232.137  239.573  247.763   62.501   61.977   31.882   31.882   30.495   23.890   25.000   17.000    2440.735    3763.402   3763.402      0.000     70.598     70.598     108.787       0.000   -45.014    12.442    32.572      66.184      6.257     5.434      0.823      6.257     -25.362     36.619   3834.000     83.203     60.000      5.000     218.801     70.598     59.353     11.245   3.5318e+05    403421.19   -9.900e+01    -99.000    884.962      1.65146
    70    345.000   233.897  241.306  249.484   62.798   62.264   31.902   31.902   30.512   23.891   25.000   17.000    2449.106    3762.161   3762.161      0.000     71.839     71.839     109.587       0.000   -45.455    12.647    32.808      66.374      6.273     5.448      0.825      6.273     -25.350     36.622   3834.000     83.203     60.000      5.000     220.042     71.839     60.281     11.558   3.5092e+05    407184.59   -9.900e+01    -99.000    883.326      1.65452
    71    350.000   235.653  243.034  251.200   63.098   62.555   31.922   31.922   30.529   23.892   25.000   17.000    2457.379    3760.907   3760.907      0.000     73.093     73.093     110.394       0.000   -45.902    12.856    33.047      66.567      6.288     5.461      0.827      6.288     -25.337     36.626   3834.000     83.203     60.000      5.000     221.296     73.093     61.221     11.872   3.4865e+05    410946.76   -9.900e+01    -99.000    881.688      1.65759
    72    355.000   237.404  244.758  252.912   63.401   62.849   31.943   31.943   30.546   23.892   25.000   17.000    2465.557    3759.639   3759.639      0.000     74.361     74.361     111.209       0.000   -46.355    13.067    33.289      66.762      6.304     5.475      0.829      6.304     -25.324     36.629   3834.000     83.203     60.000      5.000     222.564     74.361     62.173     12.188   3.4638e+05    414707.66   -9.900e+01    -99.000    880.050      1.66068
    73    360.000   239.151  246.479  254.620   63.707   63.146   31.964   31.964   30.563   23.893   25.000   17.000    2473.639    3758.357   3758.357      0.000     75.642     75.642     112.031       0.000   -46.814    13.280    33.534      66.960      6.320     5.489      0.831      6.320     -25.311     36.632   3834.000     83.203     60.000      5.000     223.845     75.642     63.138     12.505   3.4410e+05    418467.30   -9.900e+01    -99.000    878.410      1.66378
    74    365.000   240.893  248.195  256.324   64.017   63.446   31.985   31.985   30.581   23.893   25.000   17.000    2481.628    3757.062   3757.062      0.000     76.937     76.937     112.861       0.000   -47.279    13.497    33.782      67.160      6.336     5.503      0.833      6.336     -25.298     36.635   3834.000     83.203     60.000      5.000     225.141     76.937     64.114     12.823   3.4182e+05    422225.66   -9.900e+01    -99.000    876.768      1.66689
    75    370.000   242.631  249.907  258.024   64.329   63.749   32.006   32.006   30.599   23.894   25.000   17.000    2489.525    3755.753   3755.753      0.000     78.246     78.246     113.700       0.000   -47.750    13.716    34.034      67.363      6.353     5.518      0.835      6.353     -25.285     36.638   3834.000     83.203     60.000      5.000     226.450     78.246     65.103     13.143   3.3954e+05    425982.72   -9.900e+01    -99.000    875.126      1.67002
    76    375.000   244.364  251.615  259.720   64.645   64.055   32.028   32.028   30.617   23.894   25.000   17.000    2497.331    3754.431   3754.431      0.000     79.569     79.569     114.546       0.000   -48.227    13.938    34.289      67.569      6.370     5.532      0.837      6.370     -25.272     36.641   3834.000     83.203     60.000      5.000     227.772     79.569     66.105     13.464   3.3725e+05    429738.47   -9.900e+01    -99.000    873.482      1.67316
    77    380.000   246.093  253.319  261.412   64.964   64.364   32.050   32.050   30.636   23.895   25.000   17.000    2505.047    3753.094   3753.094      0.000     80.906     80.906     115.399       0.000   -48.710    14.163    34.547      67.777      6.386     5.547      0.839      6.386     -25.258     36.645   3834.000     83.203     60.000      5.000     229.109     80.906     67.120     13.786   3.3496e+05    433492.91   -9.900e+01    -99.000    871.836      1.67632
    78    385.000   247.818  255.019  263.100   65.287   64.676   32.072   32.072   30.654   23.896   25.000   17.000    2512.676    3751.743   3751.743      0.000     82.257     82.257     116.261       0.000   -49.199    14.391    34.808      67.988      6.403     5.562      0.841      6.403     -25.244     36.648   3834.000     83.203     60.000      5.000     230.460     82.257     68.147     14.110   3.3267e+05    437246.00   -9.900e+01    -99.000    870.188      1.67950
    79    390.000   249.538  256.715  264.784   65.612   64.992   32.094   32.094   30.673   23.896   25.000   17.000    2520.218    3750.378   3750.378      0.000     83.622     83.622     117.130       0.000   -49.695    14.622    35.073      68.201      6.421     5.577      0.843      6.421     -25.230     36.651   3834.000     83.203     60.000      5.000     231.825     83.622     69.187     14.435   3.3037e+05    440997.74   -9.900e+01    -99.000    868.540      1.68268
    80    395.000   251.254  258.407  266.464   65.941   65.310   32.117   32.117   30.692   23.897   25.000   17.000    2527.674    3748.999   3748.999      0.000     85.001     85.001     118.007       0.000   -50.197    14.855    35.341      68.417      6.438     5.593      0.845      6.438     -25.216     36.655   3834.000     83.203     60.000      5.000     233.204     85.001     70.240     14.761   3.2807e+05    444748.12   -9.900e+01    -99.000    866.889      1.68589
    81    400.000   252.965  260.095  268.140   66.273   65.632   32.140   32.140   30.712   23.897   25.000   17.000    2535.046    3747.606   3747.606      0.000     86.394     86.394     118.893       0.000   -50.705    15.092    35.613      68.636      6.456     5.608      0.848      6.456     -25.202     36.658   3834.000     83.203     60.000      5.000     234.597     86.394     71.306     15.088   3.2576e+05    448497.12   -9.900e+01    -99.000    865.237      1.68911
    82    405.000   254.673  261.779  269.812   66.608   65.957   32.163   32.163   30.731   23.898   25.000   17.000    2542.335    3746.198   3746.198      0.000     87.802     87.802     119.785       0.000   -51.219    15.331    35.888      68.857      6.474     5.624      0.850      6.474     -25.188     36.661   3834.000     83.203     60.000      5.000     236.005     87.802     72.385     15.417   3.2345e+05    452244.72   -9.900e+01    -99.000    863.582      1.69234
    83    410.000   256.376  263.459  271.480   66.947   66.285   32.187   32.187   30.751   23.899   25.000   17.000    2549.543    3744.776   3744.776      0.000     89.224     89.224     120.686       0.000   -51.741    15.574    36.167      69.082      6.492     5.640      0.852      6.492     -25.173     36.665   3834.000     83.203     60.000      5.000     237.427     89.224     73.477     15.746   3.2113e+05    455990.92   -9.900e+01    -99.000    861.926      1.69559
    84    415.000   258.074  265.136  273.144   67.289   66.616   32.211   32.211   30.771   23.899   25.000   17.000    2556.670    3743.339   3743.339      0.000     90.660     90.660     121.595       0.000   -52.268    15.820    36.449      69.309      6.511     5.656      0.854      6.511     -25.158     36.669   3834.000     83.203     60.000      5.000     238.863     90.660     74.583     16.077   3.1882e+05    459735.70   -9.900e+01    -99.000    860.269      1.69886
    85    420.000   259.769  266.808  274.805   67.634   66.950   32.235   32.235   30.792   23.900   25.000   17.000    2563.717    3741.888   3741.888      0.000     92.111     92.111     122.512       0.000   -52.803    16.068    36.735      69.539      6.529     5.673      0.857      6.529     -25.143     36.672   3834.000     83.203     60.000      5.000     240.314     92.111     75.702     16.409   3.1649e+05    463479.04   -9.900e+01    -99.000    858.609      1.70215
    86    425.000   261.459  268.476  276.461   67.982   67.288   32.260   32.260   30.812   23.901   25.000   17.000    2570.687    3740.423   3740.423      0.000     93.577     93.577     123.436       0.000   -53.344    16.320    37.024      69.772      6.548     5.689      0.859      6.548     -25.128     36.676   3834.000     83.203     60.000      5.000     241.780     93.577     76.835     16.742   3.1417e+05    467220.93   -9.900e+01    -99.000    856.947      1.70545
    87    430.000   263.145  270.141  278.114   68.334   67.629   32.285   32.284   30.833   23.901   25.000   17.000    2577.580    3738.943   3738.943      0.000     95.057     95.057     124.368       0.000   -53.892    16.575    37.317      70.008      6.567     5.706      0.861      6.567     -25.112     36.680   3834.000     83.203     60.000      5.000     243.260     95.057     77.981     17.076   3.1183e+05    470961.35   -9.900e+01    -99.000    855.284      1.70876
    88    435.000   264.827  271.801  279.763   68.689   67.973   32.310   32.309   30.854   23.902   25.000   17.000    2584.397    3737.448   3737.448      0.000     96.552     96.552     125.309       0.000   -54.447    16.833    37.614      70.246      6.587     5.723      0.863      6.587     -25.097     36.683   3834.000     83.203     60.000      5.000     244.755     96.552     79.141     17.411   3.0950e+05    474700.29   -9.900e+01    -99.000    853.618      1.71210
    89    440.000   266.504  273.458  281.407   69.048   68.320   32.335   32.335   30.876   23.903   25.000   17.000    2591.139    3735.938   3735.938      0.000     98.062     98.062     126.257       0.000   -55.008    17.094    37.914      70.488      6.606     5.740      0.866      6.606     -25.081     36.687   3834.000     83.203     60.000      5.000     246.265     98.062     80.315     17.747   3.0716e+05    478437.74   -9.900e+01    -99.000    851.950      1.71545
    90    445.000   268.178  275.111  283.048   69.409   68.670   32.361   32.361   30.897   23.903   25.000   17.000    2597.808    3734.413   3734.413      0.000     99.587     99.587     127.213       0.000   -55.577    17.359    38.218      70.733      6.626     5.758      0.868      6.626     -25.065     36.691   3834.000     83.203     60.000      5.000     247.790     99.587     81.503     18.084   3.0482e+05    482173.68   -9.900e+01    -99.000    850.280      1.71882
    91    450.000   269.847  276.760  284.686   69.775   69.024   32.387   32.387   30.919   23.904   25.000   17.000    2604.405    3732.873   3732.873      0.000    101.126    101.126     128.177       0.000   -56.153    17.626    38.526      70.980      6.646     5.775      0.871      6.646     -25.049     36.695   3834.000     83.203     60.000      5.000     249.330    101.126     82.704     18.422   3.0247e+05    485908.09   -9.900e+01    -99.000    848.608      1.72221
    92    455.000   271.513  278.405  286.319   70.143   69.381   32.413   32.413   30.941   23.905   25.000   17.000    2610.930    3731.319   3731.319      0.000    102.681    102.681     129.149       0.000   -56.736    17.897    38.838      71.231      6.666     5.793      0.873      6.666     -25.032     36.699   3834.000     83.203     60.000      5.000     250.884    102.681     83.920     18.762   3.0012e+05    489640.96   -9.900e+01    -99.000    846.934      1.72561
    93    460.000   273.174  280.046  287.948   70.515   69.741   32.440   32.440   30.964   23.906   25.000   17.000    2617.385    3729.749   3729.749      0.000    104.251    104.251     130.129       0.000   -57.326    18.172    39.154      71.484      6.687     5.811      0.876      6.687     -25.016     36.703   3834.000     83.203     60.000      5.000     252.454    104.251     85.149     19.102   2.9776e+05    493372.28   -9.900e+01    -99.000    845.257      1.72903
    94    465.000   274.831  281.684  289.574   70.890   70.105   32.467   32.467   30.987   23.906   25.000   17.000    2623.771    3728.164   3728.164      0.000    105.836    105.836     131.116       0.000   -57.923    18.449    39.474      71.741      6.708     5.830      0.878      6.708     -24.999     36.707   3834.000     83.203     60.000      5.000     254.039    105.836     86.393     19.443   2.9540e+05    497102.03   -9.900e+01    -99.000    843.579      1.73247
    95    470.000   276.484  283.318  291.196   71.269   70.472   32.495   32.494   31.010   23.907   25.000   17.000    2630.090    3726.564   3726.564      0.000    107.436    107.436     132.112       0.000   -58.527    18.730    39.797      72.001      6.729     5.848      0.881      6.729     -24.982     36.711   3834.000     83.203     60.000      5.000     255.639    107.436     87.651     19.785   2.9303e+05    500830.19   -9.900e+01    -99.000    841.898      1.73593
    96    475.000   278.133  284.948  292.814   71.651   70.842   32.522   32.522   31.033   23.908   25.000   17.000    2636.341    3724.948   3724.948      0.000    109.052    109.052     133.115       0.000   -59.139    19.015    40.125      72.264      6.750     5.867      0.883      6.750     -24.965     36.715   3834.000     83.203     60.000      5.000     257.255    109.052     88.924     20.128   2.9066e+05    504556.76   -9.900e+01    -99.000    840.214      1.73941
    97    480.000   279.778  286.574  294.429   72.037   71.215   32.550   32.550   31.057   23.909   25.000   17.000    2642.526    3723.317   3723.317      0.000    110.682    110.682     134.127       0.000   -59.759    19.302    40.456      72.530      6.772     5.886      0.886      6.772     -24.947     36.719   3834.000     83.203     60.000      5.000     258.886    110.682     90.211     20.472   2.8829e+05    508281.71   -9.900e+01    -99.000    838.529      1.74291
    98    485.000   281.419  288.196  296.039   72.426   71.592   32.579   32.578   31.081   23.909   25.000   17.000    2648.647    3721.671   3721.671      0.000    112.329    112.329     135.146       0.000   -60.386    19.594    40.792      72.800      6.794     5.905      0.889      6.794     -24.930     36.724   3834.000     83.203     60.000      5.000     260.532    112.329     91.512     20.817   2.8591e+05    512005.02   -9.900e+01    -99.000    836.840      1.74642
    99    490.000   283.056  289.815  297.646   72.818   71.972   32.607   32.607   31.105   23.910   25.000   17.000    2654.703    3720.009   3720.009      0.000    113.990    113.990     136.173       0.000   -61.020    19.888    41.132      73.072      6.816     5.925      0.891      6.816     -24.912     36.728   3834.000     83.203     60.000      5.000     262.194    113.990     92.828     21.162   2.8353e+05    515726.69   -9.900e+01    -99.000    835.150      1.74996
   100    495.000   284.690  291.430  299.249   73.214   72.356   32.637   32.636   31.129   23.911   25.000   17.000    2660.697    3718.332   3718.332      0.000    115.668    115.668     137.208       0.000   -61.662    20.187    41.476      73.348      6.839     5.945      0.894      6.839     -24.894     36.732   3834.000     83.203     60.000      5.000     263.871    115.668     94.159     21.509   2.8114e+05    519446.70   -9.900e+01    -99.000    833.457      1.75351
   101    500.000   286.319  293.041  300.849   73.613   72.742   32.666   32.666   31.154   23.912   25.000   17.000    2666.629    3716.639   3716.639      0.000    117.361    117.361     138.251       0.000   -62.312    20.489    41.824      73.627      6.861     5.964      0.897      6.861     -24.875     36.737   3834.000     83.203     60.000      5.000     265.564    117.361     95.504     21.857   2.7875e+05    523165.04   -9.900e+01    -99.000    831.761      1.75709
