
------------------------------------------------------------------------------------
r_abs: 0.0212
r_glass: 0.035                                                                      

------------------------------------------------------------------------------------

View3D 3.5 0 0 0 3  
19.820	13.000	10.996
0.1568	0.4722	0.3711
0.7199	0.0000	0.2801
0.6689	0.3311	0.0000
0.010 0.010 0.010

------------------------------------------------------------------------------------

View3D 3.5 0 0 0 3  
15.246	10.009	10.996
0.1311	0.4021	0.4668
0.6125	0.0000	0.3875
0.6473	0.3527	0.0000
0.010 0.010 0.010






------------------------------------------------------------------------------------
r_abs: 0.02415
r_glass: 0.0375                                                                      

------------------------------------------------------------------------------------

View3D 3.5 0 0 0 3  
19.820	13.000	11.781
0.1488	0.4563	0.3948
0.6957	0.0000	0.3043
0.6643	0.3357	0.0000
0.010 0.010 0.010

------------------------------------------------------------------------------------

View3D 3.5 0 0 0 3  
16.335	10.724	11.781
0.1311	0.4021	0.4668
0.6125	0.0000	0.3875
0.6473	0.3527	0.0000
0.010 0.010 0.010








------------------------------------------------------------------------------------
r_abs: 0.0285
r_glass: 0.0425                                                                      

------------------------------------------------------------------------------------
                                                                                   
View3D 3.5 0 0 0 3            
19.820	13.000	13.352
0.1355	0.4234	0.4411
0.6455	0.0000	0.3545
0.6548	0.3452	0.0000
0.010 0.010 0.010


------------------------------------------------------------------------------------

View3D 3.5 0 0 0 3            
17.424	11.438	13.352
0.1178	0.3862	0.4960
0.5883	0.0000	0.4117
0.6473	0.3527	0.0000
0.010 0.010 0.010







------------------------------------------------------------------------------------
r_abs: 0.03015
r_glass: 0.0425                                                                     

------------------------------------------------------------------------------------

View3D 3.5 0 0 0 3  
19.820	13.000	13.352
0.1355	0.4234	0.4411
0.6455	0.0000	0.3545
0.6548	0.3452	0.0000
0.010 0.010 0.010


------------------------------------------------------------------------------------

View3D 3.5 0 0 0 3            
18.513	12.153	13.352
0.1311	0.4021	0.4668
0.6125	0.0000	0.3875
0.6473	0.3527	0.0000
0.010 0.010 0.010







------------------------------------------------------------------------------------
r_abs: 0.035 
r_glass: 0.0475                                                                     

------------------------------------------------------------------------------------

View3D 3.5 0 0 0 3  
19.820	13.000	14.923
0.1256	0.3887	0.4857
0.5926	0.0000	0.4074
0.6451	0.3549	0.0000
0.010 0.010 0.010


------------------------------------------------------------------------------------

View3D 3.5 0 0 0 3            
20.691	13.583	14.923
0.1311	0.4021	0.4668
0.6125	0.0000	0.3875
0.6473	0.3527	0.0000
0.010 0.010 0.010





------------------------------------------------------------------------------------
r_abs: 0.04
r_glass: 0.055                                                                  

------------------------------------------------------------------------------------

View3D 3.5 0 0 0 3  
19.820	13.000	17.279
0.1175	0.3333	0.5492
0.5082	0.0000	0.4918
0.6300	0.3700	0.0000
0.010 0.010 0.010


------------------------------------------------------------------------------------

View3D 3.5 0 0 0 3   










------------------------------------------------------------------------------------
r_abs: 0.04445
r_glass: 0.0575                                                                  

------------------------------------------------------------------------------------

View3D 3.5 0 0 0 3  
19.820	13.000	18.064
0.1166	0.3139	0.5694
0.4786	0.0000	0.5214
0.6248	0.3752	0.0000
0.010 0.010 0.010





