         r_int      r_ext      T_int      T_ext      nCells      qConv_int      qConv_ext
 case1    0.03500    0.05500      618.0      426.0       30.0  -227.429   227.628
 case2    0.03500    0.05500      618.0      426.0       45.0  -222.949   223.067
 case3    0.03500    0.05500      618.0      426.0       60.0  -204.380   205.252
 case4    0.03500    0.05500      618.0      426.0       75.0  -197.660   211.655
 case5    0.03500    0.05500      618.0      518.0       30.0   -97.626    97.631
 case6    0.03500    0.05500      618.0      518.0       45.0   -96.109    96.116
 case7    0.03500    0.05500      618.0      518.0       60.0   -95.528    95.936
 case8    0.03500    0.05500      618.0      518.0       75.0   -92.382    99.446
 case9    0.03500    0.05500      618.0      468.0       30.0  -165.014   165.068
 case10    0.03500    0.05500      618.0      468.0       45.0  -162.033   162.087
 case11    0.03500    0.05500      618.0      468.0       60.0  -147.837   148.375
 case12    0.03500    0.05500      618.0      468.0       75.0  -142.708   153.099
 case13    0.03500    0.05500      550.0      358.0       30.0  -235.599   235.847
 case14    0.03500    0.05500      550.0      358.0       45.0  -212.715   212.837
 case15    0.03500    0.05500      550.0      358.0       60.0  -212.110   212.896
 case16    0.03500    0.05500      550.0      358.0       75.0  -206.732   218.340
 case17    0.03500    0.05500      550.0      450.0       30.0  -101.012   101.019
 case18    0.03500    0.05500      550.0      450.0       45.0   -99.370    99.385
 case19    0.03500    0.05500      550.0      450.0       60.0   -90.162    90.407
 case20    0.03500    0.05500      550.0      450.0       75.0   -87.138    93.157
 case21    0.03500    0.05500      550.0      400.0       30.0  -170.890   170.966
 case22    0.03500    0.05500      550.0      400.0       45.0  -153.828   153.879
 case23    0.03500    0.05500      550.0      400.0       60.0  -153.309   153.892
 case24    0.03500    0.05500      550.0      400.0       75.0  -148.564   158.376
 case25    0.03500    0.05500      450.0      258.0       30.0  -250.428   250.820
 case26    0.03500    0.05500      450.0      258.0       45.0  -226.549   226.759
 case27    0.03500    0.05500      450.0      258.0       60.0  -226.376   226.565
 case28    0.03500    0.05500      450.0      258.0       75.0  -226.057   228.239
 case29    0.03500    0.05500      450.0      350.0       30.0   -97.559    97.592
 case30    0.03500    0.05500      450.0      350.0       45.0   -96.235    96.251
 case31    0.03500    0.05500      450.0      350.0       60.0   -95.937    96.197
 case32    0.03500    0.05500      450.0      350.0       75.0   -93.614    98.405
 case33    0.03500    0.05500      450.0      300.0       30.0  -181.494   181.679
 case34    0.03500    0.05500      450.0      300.0       45.0  -163.789   163.876
 case35    0.03500    0.05500      450.0      300.0       60.0  -163.426   163.817
 case36    0.03500    0.05500      450.0      300.0       75.0  -161.155   166.442
 case37    0.03500    0.07500      618.0      426.0       30.0  -240.470   242.484
 case38    0.03500    0.07500      618.0      426.0       45.0  -225.123   225.800
 case39    0.03500    0.07500      618.0      426.0       60.0  -217.697   219.920
 case40    0.03500    0.07500      618.0      426.0       75.0  -201.184   225.143
 case41    0.03500    0.07500      618.0      518.0       30.0  -103.695   104.295
 case42    0.03500    0.07500      618.0      518.0       45.0   -97.905    98.011
 case43    0.03500    0.07500      618.0      518.0       60.0   -94.957    96.606
 case44    0.03500    0.07500      618.0      518.0       75.0   -66.961   106.100
 case45    0.03500    0.07500      618.0      468.0       30.0  -174.728   175.960
 case46    0.03500    0.07500      618.0      468.0       45.0  -164.026   164.321
 case47    0.03500    0.07500      618.0      468.0       60.0  -158.821   160.787
 case48    0.03500    0.07500      618.0      468.0       75.0  -141.277   167.708
 case49    0.03500    0.07500      550.0      358.0       30.0  -249.145   251.196
 case50    0.03500    0.07500      550.0      358.0       45.0  -232.908   233.670
 case51    0.03500    0.07500      550.0      358.0       60.0  -225.056   227.056
 case52    0.03500    0.07500      550.0      358.0       75.0  -209.748   231.786
 case53    0.03500    0.07500      550.0      450.0       30.0  -107.179   107.833
 case54    0.03500    0.07500      550.0      450.0       45.0  -101.028   101.142
 case55    0.03500    0.07500      550.0      450.0       60.0   -98.041    99.430
 case56    0.03500    0.07500      550.0      450.0       75.0   -82.887   105.334
 case57    0.03500    0.07500      550.0      400.0       30.0  -180.812   182.151
 case58    0.03500    0.07500      550.0      400.0       45.0  -169.482   169.865
 case59    0.03500    0.07500      550.0      400.0       60.0  -164.111   165.796
 case60    0.03500    0.07500      550.0      400.0       75.0  -151.322   170.234
 case61    0.03500    0.07500      450.0      258.0       30.0  -265.169   267.110
 case62    0.03500    0.07500      450.0      258.0       45.0  -247.162   248.120
 case63    0.03500    0.07500      450.0      258.0       60.0  -239.877   239.500
 case64    0.03500    0.07500      450.0      258.0       75.0  -239.589   238.691
 case65    0.03500    0.07500      450.0      350.0       30.0  -113.511   114.297
 case66    0.03500    0.07500      450.0      350.0       45.0  -106.714   106.872
 case67    0.03500    0.07500      450.0      350.0       60.0  -103.581   104.637
 case68    0.03500    0.07500      450.0      350.0       75.0   -95.542   107.790
 case69    0.03500    0.07500      450.0      300.0       30.0  -191.933   193.539
 case70    0.03500    0.07500      450.0      300.0       45.0  -179.523   180.088
 case71    0.03500    0.07500      450.0      300.0       60.0  -173.984   174.928
 case72    0.03500    0.07500      450.0      300.0       75.0  -165.409   178.139
 case73    0.03500    0.09500      618.0      426.0       30.0  -264.741   267.893
 case74    0.03500    0.09500      618.0      426.0       45.0  -248.788   250.037
 case75    0.03500    0.09500      618.0      426.0       60.0  -235.086   237.914
 case76    0.03500    0.09500      618.0      426.0       75.0  -187.100   244.059
 case77    0.03500    0.09500      618.0      518.0       30.0  -114.626   115.534
 case78    0.03500    0.09500      618.0      518.0       45.0  -107.013   107.381
 case79    0.03500    0.09500      618.0      518.0       60.0  -101.104   103.314
 case80    0.03500    0.09500      618.0      518.0       75.0    57.680   141.458
 case81    0.03500    0.09500      618.0      468.0       30.0  -193.157   195.100
 case82    0.03500    0.09500      618.0      468.0       45.0  -180.703   181.553
 case83    0.03500    0.09500      618.0      468.0       60.0  -170.790   173.418
 case84    0.03500    0.09500      618.0      468.0       75.0   -84.491   189.956
 case85    0.03500    0.09500      550.0      358.0       30.0  -273.951   276.365
 case86    0.03500    0.09500      550.0      358.0       45.0  -257.256   258.802
 case87    0.03500    0.09500      550.0      358.0       60.0  -243.267   245.891
 case88    0.03500    0.09500      550.0      358.0       75.0  -212.002   247.715
 case89    0.03500    0.09500      550.0      450.0       30.0  -118.574   119.555
 case90    0.03500    0.09500      550.0      450.0       45.0  -110.698   111.117
 case91    0.03500    0.09500      550.0      450.0       60.0  -104.734   106.643
 case92    0.03500    0.09500      550.0      450.0       75.0   -15.659   128.223
 case93    0.03500    0.09500      550.0      400.0       30.0  -199.719   201.735
 case94    0.03500    0.09500      550.0      400.0       45.0  -187.007   187.948
 case95    0.03500    0.09500      550.0      400.0       60.0  -176.924   179.112
 case96    0.03500    0.09500      550.0      400.0       75.0  -136.753   185.009
 case97    0.03500    0.09500      450.0      258.0       30.0  -287.272   291.865
 case98    0.03500    0.09500      450.0      258.0       45.0  -272.558   274.356
 case99    0.03500    0.09500      450.0      258.0       60.0  -259.114   259.481
 case100    0.03500    0.09500      450.0      258.0       75.0  -256.847   246.670
 case101    0.03500    0.09500      450.0      350.0       30.0  -125.654   126.783
 case102    0.03500    0.09500      450.0      350.0       45.0  -117.380   117.914
 case103    0.03500    0.09500      450.0      350.0       60.0  -111.219   112.667
 case104    0.03500    0.09500      450.0      350.0       75.0   -87.927   117.550
 case105    0.03500    0.09500      450.0      300.0       30.0  -210.777   213.403
 case106    0.03500    0.09500      450.0      300.0       45.0  -198.360   199.457
 case107    0.03500    0.09500      450.0      300.0       60.0  -187.789   189.442
 case108    0.03500    0.09500      450.0      300.0       75.0  -173.929   187.801
 case109    0.04250    0.06250      618.0      426.0       30.0  -258.259   258.740
 case110    0.04250    0.06250      618.0      426.0       45.0  -254.564   254.606
 case111    0.04250    0.06250      618.0      426.0       60.0  -253.142   255.104
 case112    0.04250    0.06250      618.0      426.0       75.0  -244.357   265.653
 case113    0.04250    0.06250      618.0      518.0       30.0  -110.159   110.247
 case114    0.04250    0.06250      618.0      518.0       45.0  -108.871   108.875
 case115    0.04250    0.06250      618.0      518.0       60.0  -108.405   108.912
 case116    0.04250    0.06250      618.0      518.0       75.0  -105.279   112.617
 case117    0.04250    0.06250      618.0      468.0       30.0  -186.868   187.107
 case118    0.04250    0.06250      618.0      468.0       45.0  -184.402   184.419
 case119    0.04250    0.06250      618.0      468.0       60.0  -183.473   184.673
 case120    0.04250    0.06250      618.0      468.0       75.0  -177.144   192.104
 case121    0.04250    0.06250      550.0      358.0       30.0  -267.766   268.474
 case122    0.04250    0.06250      550.0      358.0       45.0  -262.705   262.949
 case123    0.04250    0.06250      550.0      358.0       60.0  -262.487   264.433
 case124    0.04250    0.06250      550.0      358.0       75.0  -254.918   274.413
 case125    0.04250    0.06250      550.0      450.0       30.0  -114.092   114.194
 case126    0.04250    0.06250      550.0      450.0       45.0  -112.700   112.707
 case127    0.04250    0.06250      550.0      450.0       60.0  -112.192   112.799
 case128    0.04250    0.06250      550.0      450.0       75.0  -108.615   117.044
 case129    0.04250    0.06250      550.0      400.0       30.0  -193.730   194.027
 case130    0.04250    0.06250      550.0      400.0       45.0  -191.085   191.108
 case131    0.04250    0.06250      550.0      400.0       60.0  -190.071   191.410
 case132    0.04250    0.06250      550.0      400.0       75.0  -184.115   198.837
 case133    0.04250    0.06250      450.0      258.0       30.0  -283.701   284.695
 case134    0.04250    0.06250      450.0      258.0       45.0  -278.060   278.286
 case135    0.04250    0.06250      450.0      258.0       60.0  -260.400   260.676
 case136    0.04250    0.06250      450.0      258.0       75.0  -260.217   263.048
 case137    0.04250    0.06250      450.0      350.0       30.0  -121.251   121.395
 case138    0.04250    0.06250      450.0      350.0       45.0  -119.702   119.712
 case139    0.04250    0.06250      450.0      350.0       60.0  -119.130   119.840
 case140    0.04250    0.06250      450.0      350.0       75.0  -107.142   111.918
 case141    0.04250    0.06250      450.0      300.0       30.0  -206.212   206.707
 case142    0.04250    0.06250      450.0      300.0       45.0  -203.164   203.206
 case143    0.04250    0.06250      450.0      300.0       60.0  -187.212   187.627
 case144    0.04250    0.06250      450.0      300.0       75.0  -185.164   190.702
 case145    0.04250    0.08250      618.0      426.0       30.0  -271.315   273.008
 case146    0.04250    0.08250      618.0      426.0       45.0  -255.205   255.797
 case147    0.04250    0.08250      618.0      426.0       60.0  -248.340   251.581
 case148    0.04250    0.08250      618.0      426.0       75.0  -231.483   260.177
 case149    0.04250    0.08250      618.0      518.0       30.0  -116.069   116.713
 case150    0.04250    0.08250      618.0      518.0       45.0  -110.814   110.947
 case151    0.04250    0.08250      618.0      518.0       60.0  -108.278   110.305
 case152    0.04250    0.08250      618.0      518.0       75.0   -91.559   117.620
 case153    0.04250    0.08250      618.0      468.0       30.0  -196.283   197.548
 case154    0.04250    0.08250      618.0      468.0       45.0  -185.813   186.136
 case155    0.04250    0.08250      618.0      468.0       60.0  -181.149   183.886
 case156    0.04250    0.08250      618.0      468.0       75.0  -165.669   191.666
 case157    0.04250    0.08250      550.0      358.0       30.0  -282.258   283.258
 case158    0.04250    0.08250      550.0      358.0       45.0  -264.110   264.762
 case159    0.04250    0.08250      550.0      358.0       60.0  -256.845   259.760
 case160    0.04250    0.08250      550.0      358.0       75.0  -241.605   267.767
 case161    0.04250    0.08250      550.0      450.0       30.0  -120.075   120.786
 case162    0.04250    0.08250      550.0      450.0       45.0  -114.358   114.517
 case163    0.04250    0.08250      550.0      450.0       60.0  -111.783   113.605
 case164    0.04250    0.08250      550.0      450.0       75.0  -100.213   119.280
 case165    0.04250    0.08250      550.0      400.0       30.0  -203.168   204.665
 case166    0.04250    0.08250      550.0      400.0       45.0  -192.051   192.430
 case167    0.04250    0.08250      550.0      400.0       60.0  -187.219   189.615
 case168    0.04250    0.08250      550.0      400.0       75.0  -174.164   196.473
 case169    0.04250    0.08250      450.0      258.0       30.0  -302.045   302.671
 case170    0.04250    0.08250      450.0      258.0       45.0  -280.468   281.332
 case171    0.04250    0.08250      450.0      258.0       60.0  -273.914   273.890
 case172    0.04250    0.08250      450.0      258.0       75.0  -274.833   276.334
 case173    0.04250    0.08250      450.0      350.0       30.0  -127.463   128.228
 case174    0.04250    0.08250      450.0      350.0       45.0  -120.869   121.047
 case175    0.04250    0.08250      450.0      350.0       60.0  -118.152   119.590
 case176    0.04250    0.08250      450.0      350.0       75.0  -110.223   124.064
 case177    0.04250    0.08250      450.0      300.0       30.0  -217.226   218.000
 case178    0.04250    0.08250      450.0      300.0       45.0  -203.522   204.029
 case179    0.04250    0.08250      450.0      300.0       60.0  -198.617   199.963
 case180    0.04250    0.08250      450.0      300.0       75.0  -191.060   206.078
 case181    0.04250    0.10250      618.0      426.0       30.0  -299.624   304.142
 case182    0.04250    0.10250      618.0      426.0       45.0  -280.437   281.909
 case183    0.04250    0.10250      618.0      426.0       60.0  -265.874   268.881
 case184    0.04250    0.10250      618.0      426.0       75.0  -236.964   271.309
 case185    0.04250    0.10250      618.0      518.0       30.0  -128.890   130.063
 case186    0.04250    0.10250      618.0      518.0       45.0  -120.154   120.627
 case187    0.04250    0.10250      618.0      518.0       60.0  -114.139   116.099
 case188    0.04250    0.10250      618.0      518.0       75.0   -17.210   140.502
 case189    0.04250    0.10250      618.0      468.0       30.0  -217.763   220.168
 case190    0.04250    0.10250      618.0      468.0       45.0  -203.379   204.362
 case191    0.04250    0.10250      618.0      468.0       60.0  -192.987   195.545
 case192    0.04250    0.10250      618.0      468.0       75.0  -148.195   204.954
 case193    0.04250    0.10250      550.0      358.0       30.0  -312.430   314.738
 case194    0.04250    0.10250      550.0      358.0       45.0  -290.372   292.008
 case195    0.04250    0.10250      550.0      358.0       60.0  -275.278   278.151
 case196    0.04250    0.10250      550.0      358.0       75.0  -250.092   279.133
 case197    0.04250    0.10250      550.0      450.0       30.0  -133.453   134.687
 case198    0.04250    0.10250      550.0      450.0       45.0  -124.373   124.894
 case199    0.04250    0.10250      550.0      450.0       60.0  -118.220   119.934
 case200    0.04250    0.10250      550.0      450.0       75.0   -66.680   132.684
 case201    0.04250    0.10250      550.0      400.0       30.0  -224.822   227.894
 case202    0.04250    0.10250      550.0      400.0       45.0  -210.582   211.718
 case203    0.04250    0.10250      550.0      400.0       60.0  -199.945   202.182
 case204    0.04250    0.10250      550.0      400.0       75.0  -176.845   204.767
 case205    0.04250    0.10250      450.0      258.0       30.0  -332.061   334.323
 case206    0.04250    0.10250      450.0      258.0       45.0  -308.156   310.094
 case207    0.04250    0.10250      450.0      258.0       60.0  -293.241   294.171
 case208    0.04250    0.10250      450.0      258.0       75.0  -288.591   284.081
 case209    0.04250    0.10250      450.0      350.0       30.0  -141.470   143.070
 case210    0.04250    0.10250      450.0      350.0       45.0  -132.027   132.653
 case211    0.04250    0.10250      450.0      350.0       60.0  -125.535   126.954
 case212    0.04250    0.10250      450.0      350.0       75.0  -110.968   129.190
 case213    0.04250    0.10250      450.0      300.0       30.0  -240.070   242.801
 case214    0.04250    0.10250      450.0      300.0       45.0  -223.751   224.984
 case215    0.04250    0.10250      450.0      300.0       60.0  -212.273   214.248
 case216    0.04250    0.10250      450.0      300.0       75.0  -197.032   213.179
 case217    0.05500    0.07500      618.0      426.0       30.0  -305.815   305.966
 case218    0.05500    0.07500      618.0      426.0       45.0  -302.195   302.387
 case219    0.05500    0.07500      618.0      426.0       60.0  -302.119   304.973
 case220    0.05500    0.07500      618.0      426.0       75.0  -295.345   318.168
 case221    0.05500    0.07500      618.0      518.0       30.0  -130.081   130.136
 case222    0.05500    0.07500      618.0      518.0       45.0  -129.085   129.113
 case223    0.05500    0.07500      618.0      518.0       60.0  -128.927   129.445
 case224    0.05500    0.07500      618.0      518.0       75.0  -125.645   133.808
 case225    0.05500    0.07500      618.0      468.0       30.0  -221.171   221.465
 case226    0.05500    0.07500      618.0      468.0       45.0  -218.698   219.061
 case227    0.05500    0.07500      618.0      468.0       60.0  -219.463   220.813
 case228    0.05500    0.07500      618.0      468.0       75.0  -213.066   229.266
 case229    0.05500    0.07500      550.0      358.0       30.0  -317.474   317.659
 case230    0.05500    0.07500      550.0      358.0       45.0  -313.638   313.860
 case231    0.05500    0.07500      550.0      358.0       60.0  -313.352   316.586
 case232    0.05500    0.07500      550.0      358.0       75.0  -307.940   329.906
 case233    0.05500    0.07500      550.0      450.0       30.0  -134.904   134.986
 case234    0.05500    0.07500      550.0      450.0       45.0  -133.828   133.865
 case235    0.05500    0.07500      550.0      450.0       60.0  -133.634   134.277
 case236    0.05500    0.07500      550.0      450.0       75.0  -130.094   139.003
 case237    0.05500    0.07500      550.0      400.0       30.0  -229.239   229.441
 case238    0.05500    0.07500      550.0      400.0       45.0  -226.629   226.803
 case239    0.05500    0.07500      550.0      400.0       60.0  -227.367   228.747
 case240    0.05500    0.07500      550.0      400.0       75.0  -221.777   237.719
 case241    0.05500    0.07500      450.0      258.0       30.0  -339.526   339.412
 case242    0.05500    0.07500      450.0      258.0       45.0  -334.820   335.079
 case243    0.05500    0.07500      450.0      258.0       60.0  -334.792   337.415
 case244    0.05500    0.07500      450.0      258.0       75.0  -335.137   345.494
 case245    0.05500    0.07500      450.0      350.0       30.0  -143.698   143.868
 case246    0.05500    0.07500      450.0      350.0       45.0  -142.543   142.584
 case247    0.05500    0.07500      450.0      350.0       60.0  -142.303   143.081
 case248    0.05500    0.07500      450.0      350.0       75.0  -139.277   147.603
 case249    0.05500    0.07500      450.0      300.0       30.0  -244.352   244.464
 case250    0.05500    0.07500      450.0      300.0       45.0  -241.429   241.587
 case251    0.05500    0.07500      450.0      300.0       60.0  -241.306   243.352
 case252    0.05500    0.07500      450.0      300.0       75.0  -239.941   250.840
 case253    0.05500    0.09500      618.0      426.0       30.0  -322.323   323.741
 case254    0.05500    0.09500      618.0      426.0       45.0  -305.776   306.461
 case255    0.05500    0.09500      618.0      426.0       60.0  -300.966   306.412
 case256    0.05500    0.09500      618.0      426.0       75.0  -281.239   322.953
 case257    0.05500    0.09500      618.0      518.0       30.0  -150.535   151.167
 case258    0.05500    0.09500      618.0      518.0       45.0  -143.006   143.214
 case259    0.05500    0.09500      618.0      518.0       60.0  -130.515   133.319
 case260    0.05500    0.09500      618.0      518.0       75.0  -117.422   141.483
 case261    0.05500    0.09500      618.0      468.0       30.0  -232.586   233.364
 case262    0.05500    0.09500      618.0      468.0       45.0  -222.688   223.094
 case263    0.05500    0.09500      618.0      468.0       60.0  -219.214   223.698
 case264    0.05500    0.09500      618.0      468.0       75.0  -202.505   235.872
 case265    0.05500    0.09500      550.0      358.0       30.0  -335.046   336.557
 case266    0.05500    0.09500      550.0      358.0       45.0  -316.359   317.056
 case267    0.05500    0.09500      550.0      358.0       60.0  -311.582   316.221
 case268    0.05500    0.09500      550.0      358.0       75.0  -294.961   332.333
 case269    0.05500    0.09500      550.0      450.0       30.0  -141.507   142.341
 case270    0.05500    0.09500      550.0      450.0       45.0  -137.014   137.159
 case271    0.05500    0.09500      550.0      450.0       60.0  -134.904   137.632
 case272    0.05500    0.09500      550.0      450.0       75.0  -123.440   145.417
 case273    0.05500    0.09500      550.0      400.0       30.0  -241.351   242.352
 case274    0.05500    0.09500      550.0      400.0       45.0  -230.148   230.589
 case275    0.05500    0.09500      550.0      400.0       60.0  -226.692   230.882
 case276    0.05500    0.09500      550.0      400.0       75.0  -211.517   243.452
 case277    0.05500    0.09500      450.0      258.0       30.0  -358.797   360.272
 case278    0.05500    0.09500      450.0      258.0       45.0  -336.702   337.376
 case279    0.05500    0.09500      450.0      258.0       60.0  -332.736   332.945
 case280    0.05500    0.09500      450.0      258.0       75.0  -335.748   340.316
 case281    0.05500    0.09500      450.0      350.0       30.0  -150.854   151.356
 case282    0.05500    0.09500      450.0      350.0       45.0  -144.837   145.082
 case283    0.05500    0.09500      450.0      350.0       60.0  -142.926   145.318
 case284    0.05500    0.09500      450.0      350.0       75.0  -134.142   152.990
 case285    0.05500    0.09500      450.0      300.0       30.0  -257.789   258.817
 case286    0.05500    0.09500      450.0      300.0       45.0  -243.856   244.409
 case287    0.05500    0.09500      450.0      300.0       60.0  -241.238   243.336
 case288    0.05500    0.09500      450.0      300.0       75.0  -234.385   253.901
 case289    0.05500    0.11500      618.0      426.0       30.0  -356.868   360.324
 case290    0.05500    0.11500      618.0      426.0       45.0  -329.899   331.701
 case291    0.05500    0.11500      618.0      426.0       60.0  -313.909   319.040
 case292    0.05500    0.11500      618.0      426.0       75.0  -286.173   325.332
 case293    0.05500    0.11500      618.0      518.0       30.0  -150.751   152.122
 case294    0.05500    0.11500      618.0      518.0       45.0  -140.602   141.142
 case295    0.05500    0.11500      618.0      518.0       60.0  -134.198   137.416
 case296    0.05500    0.11500      618.0      518.0       75.0   -88.037   151.726
 case297    0.05500    0.11500      618.0      468.0       30.0  -259.167   259.700
 case298    0.05500    0.11500      618.0      468.0       45.0  -238.732   239.842
 case299    0.05500    0.11500      618.0      468.0       60.0  -227.370   231.579
 case300    0.05500    0.11500      618.0      468.0       75.0  -196.973   240.638
 case301    0.05500    0.11500      550.0      358.0       30.0  -370.707   373.700
 case302    0.05500    0.11500      550.0      358.0       45.0  -343.438   344.706
 case303    0.05500    0.11500      550.0      358.0       60.0  -325.548   330.296
 case304    0.05500    0.11500      550.0      358.0       75.0  -299.795   335.427
 case305    0.05500    0.11500      550.0      450.0       30.0  -157.780   158.081
 case306    0.05500    0.11500      550.0      450.0       45.0  -145.643   146.232
 case307    0.05500    0.11500      550.0      450.0       60.0  -139.108   141.881
 case308    0.05500    0.11500      550.0      450.0       75.0  -110.202   151.526
 case309    0.05500    0.11500      550.0      400.0       30.0  -270.600   269.562
 case310    0.05500    0.11500      550.0      400.0       45.0  -247.627   248.725
 case311    0.05500    0.11500      550.0      400.0       60.0  -235.772   239.623
 case312    0.05500    0.11500      550.0      400.0       75.0  -214.894   244.711
 case313    0.05500    0.11500      450.0      258.0       30.0  -395.265   398.211
 case314    0.05500    0.11500      450.0      258.0       45.0  -366.753   368.045
 case315    0.05500    0.11500      450.0      258.0       60.0  -348.177   349.591
 case316    0.05500    0.11500      450.0      258.0       75.0  -342.268   344.160
 case317    0.05500    0.11500      450.0      350.0       30.0  -167.313   168.300
 case318    0.05500    0.11500      450.0      350.0       45.0  -154.864   155.564
 case319    0.05500    0.11500      450.0      350.0       60.0  -147.981   150.247
 case320    0.05500    0.11500      450.0      350.0       75.0  -135.134   153.892
 case321    0.05500    0.11500      450.0      300.0       30.0  -285.181   287.625
 case322    0.05500    0.11500      450.0      300.0       45.0  -263.905   265.168
 case323    0.05500    0.11500      450.0      300.0       60.0  -251.338   254.183
 case324    0.05500    0.11500      450.0      300.0       75.0  -235.225   256.736